MutagenObjectType: PlacedObject
FormKey: 8B6FF6:SexLab-Parasites.esp
FormVersion: 43
Base: 0A92A1:skyrim.esm
Scale: 0.4
Placement:
  Position: 22365.26, -213.6943, -2822.3064
  Rotation: -0.070990376, -0.18713817, 3.5066721
