MutagenObjectType: PlacedObject
FormKey: 46C421:SexLab-Parasites.esp
MajorRecordFlagsRaw: 536870912
FormVersion: 43
SkyrimMajorRecordFlags:
- 0x20000000
Base: 46C420:SexLab-Parasites.esp
Scale: 2.5
Placement:
  Position: 910.6692, 1591.4047, -626.9124
  Rotation: -0.16842578, 0.18341821, 4.109586
