MutagenObjectType: PlacedObject
FormKey: 4AE18E:SexLab-Parasites.esp
FormVersion: 43
Base: 06F719:skyrim.esm
Placement:
  Position: 1154.2306, 1735.4304, 628.4327
  Rotation: -3.1415925, 0.13340017, 3.6415956
