MutagenObjectType: PlacedObject
FormKey: 2A95E6:SexLab-Parasites.esp
FormVersion: 43
Base: 000032:skyrim.esm
Placement:
  Position: 3883.2998, 190.39062, 6971.2236
  Rotation: -0.06000028, 3.0564843E-07, 6.2731915
