MutagenObjectType: PlacedObject
FormKey: 2A95DE:SexLab-Parasites.esp
FormVersion: 43
Base: 0137EA:Dawnguard.esm
Placement:
  Position: 5235.6147, 3896.2954, 7391.0044
  Rotation: 0.09088563, 0.17833178, 5.1618667
