MutagenObjectType: PlacedObject
FormKey: 2A95CF:SexLab-Parasites.esp
MajorRecordFlagsRaw: 512
FormVersion: 43
SkyrimMajorRecordFlags:
- 0x200
Base: 01381A:Dawnguard.esm
Placement:
  Position: 2610.629, 12823.265, 11713.64
  Rotation: -0.34947342, 0.2502161, 3.301896
