MutagenObjectType: PlacedObject
FormKey: 2A95D3:SexLab-Parasites.esp
FormVersion: 43
Base: 0137EB:Dawnguard.esm
Placement:
  Position: 1098.2458, 9450.697, 5743.8843
  Rotation: -0.12999977, -0, 0.8000003
