MutagenObjectType: PlacedObject
FormKey: 2A95D1:SexLab-Parasites.esp
FormVersion: 43
Base: 0137EB:Dawnguard.esm
Placement:
  Position: 1209.9435, 10945.142, 6273.2437
  Rotation: -0.29506773, -0.012098895, 1.9680755
