MutagenObjectType: PlacedObject
FormKey: 2A95D7:SexLab-Parasites.esp
MajorRecordFlagsRaw: 512
FormVersion: 43
SkyrimMajorRecordFlags:
- 0x200
Base: 0137EA:Dawnguard.esm
Scale: 1.39
Placement:
  Position: 1926.9275, 5897.705, 12550.346
  Rotation: 0.09940927, -0.084461756, 0.997959
