MutagenObjectType: PlacedObject
FormKey: 2A95D8:SexLab-Parasites.esp
MajorRecordFlagsRaw: 512
FormVersion: 43
SkyrimMajorRecordFlags:
- 0x200
Base: 0137EA:Dawnguard.esm
Scale: 1.39
Placement:
  Position: 2859.3083, 4754.0596, 12163.431
  Rotation: 0.3056147, -0.31286466, 0.75537986
