MutagenObjectType: PlacedObject
FormKey: 2A95D0:SexLab-Parasites.esp
MajorRecordFlagsRaw: 512
FormVersion: 43
SkyrimMajorRecordFlags:
- 0x200
Base: 01381A:Dawnguard.esm
Placement:
  Position: -328.88934, 11080.247, 11713.64
  Rotation: -0.05491157, -0.43953127, 1.7709075
