MutagenObjectType: PlacedObject
FormKey: 2A95DC:SexLab-Parasites.esp
MajorRecordFlagsRaw: 512
FormVersion: 43
SkyrimMajorRecordFlags:
- 0x200
Base: 01381A:Dawnguard.esm
Placement:
  Position: 2011.043, 4105.5234, 9800.61
  Rotation: 0.25885835, -0.45620748, 1.0295895
