MutagenObjectType: PlacedObject
FormKey: 2A95DB:SexLab-Parasites.esp
MajorRecordFlagsRaw: 512
FormVersion: 43
SkyrimMajorRecordFlags:
- 0x200
Base: 0137EA:Dawnguard.esm
Scale: 1.36
Placement:
  Position: 4038.5542, 3327.7285, 9534.702
  Rotation: 0.65985984, 0.08612371, 6.155782
