MutagenObjectType: PlacedObject
FormKey: 2A96A6:SexLab-Parasites.esp
FormVersion: 43
Base: 001C21:Dawnguard.esm
Scale: 1.17
Placement:
  Position: 5592.447, 5566.7744, 11984.443
  Rotation: -0.13222535, -0.0111639295, 2.386858
