MutagenObjectType: PlacedObject
FormKey: 2A9668:SexLab-Parasites.esp
FormVersion: 43
Base: 017891:Dawnguard.esm
Scale: 1.26
Placement:
  Position: 3786.0789, 692.1656, 7281.191
  Rotation: -0.059952382, 0.0023980222, 2.7131193
