MutagenObjectType: PlacedObject
FormKey: 2A9646:SexLab-Parasites.esp
FormVersion: 43
Base: 01A01F:Dawnguard.esm
Scale: 1.3
Placement:
  Position: 1468.8506, 8480.289, 9221.664
  Rotation: 0.27320904, -0.03412089, 5.0883565
