MutagenObjectType: PlacedObject
FormKey: 2A965E:SexLab-Parasites.esp
MajorRecordFlagsRaw: 512
FormVersion: 43
SkyrimMajorRecordFlags:
- 0x200
Base: 019C94:Dawnguard.esm
Placement:
  Position: 3431.106, 9614.89, 13602.995
  Rotation: 0.044464253, -0.59017164, 1.9262061
