MutagenObjectType: PlacedObject
FormKey: 2A9660:SexLab-Parasites.esp
FormVersion: 43
Base: 0A8469:skyrim.esm
Scale: 2.05
Placement:
  Position: 3703.7573, 9054.502, 13588.224
  Rotation: -1.1548861, -0.85465735, 0.3062273
