MutagenObjectType: PlacedObject
FormKey: 2A966F:SexLab-Parasites.esp
FormVersion: 43
Base: 017890:Dawnguard.esm
Placement:
  Position: 3746.0088, 2547.326, 7360.214
  Rotation: -0.060000263, -0, 1.5600035
