MutagenObjectType: PlacedObject
FormKey: 2A9644:SexLab-Parasites.esp
FormVersion: 43
Base: 01A01F:Dawnguard.esm
Scale: 1.16
Placement:
  Position: 2680.3877, 8433.863, 7479.166
  Rotation: -0.2522066, 0.010272021, 2.7878022
