MutagenObjectType: PlacedObject
FormKey: 2A9670:SexLab-Parasites.esp
FormVersion: 43
Base: 019C93:Dawnguard.esm
Scale: 0.22
Placement:
  Position: 3609.083, 2713.2107, 7377.658
  Rotation: -0.060000263, -0, 3.170003
