MutagenObjectType: PlacedObject
FormKey: 2A961B:SexLab-Parasites.esp
FormVersion: 43
Base: 00541F:Dawnguard.esm
Placement:
  Position: 3913.8347, 54.886913, 6918.619
  Rotation: 0.038529877, 0.022039898, 0.30061495
