MutagenObjectType: PlacedObject
FormKey: 2A9661:SexLab-Parasites.esp
MajorRecordFlagsRaw: 512
FormVersion: 43
SkyrimMajorRecordFlags:
- 0x200
Base: 019C95:Dawnguard.esm
Scale: 0.82
Placement:
  Position: 3766.4243, 9081.042, 13632.392
  Rotation: 0.044464253, -0.59017164, 1.0962062
