MutagenObjectType: PlacedObject
FormKey: 2A9616:SexLab-Parasites.esp
FormVersion: 43
Base: 0468DC:skyrim.esm
Placement:
  Position: 3923.9993, 264.38507, 6877.0986
  Rotation: 0.17825918, -0.00457405, 6.2517467
