MutagenObjectType: PlacedObject
FormKey: 2A961A:SexLab-Parasites.esp
MajorRecordFlagsRaw: 32768
FormVersion: 43
SkyrimMajorRecordFlags:
- VisibleWhenDistant
Base: 00541E:Dawnguard.esm
Scale: 0.7
Placement:
  Position: 3664.335, -625.51495, 6993.2935
  Rotation: -0.069999896, 0.009276007, 6.212511
