MutagenObjectType: PlacedObject
FormKey: 2A963F:SexLab-Parasites.esp
FormVersion: 43
Base: 0F13C4:skyrim.esm
Scale: 6.71
Placement:
  Position: 933.68427, 13594.863, 21205.715
  Rotation: 0, -0, 5.8931856
