MutagenObjectType: PlacedObject
FormKey: 2A96C7:SexLab-Parasites.esp
FormVersion: 43
Base: 02EDA0:skyrim.esm
Scale: 0.72
Placement:
  Position: 2038.8779, 10893.662, 6180.487
  Rotation: -0.046109423, 0.06639407, 0.23525313
