MutagenObjectType: PlacedObject
FormKey: 2A9669:SexLab-Parasites.esp
FormVersion: 43
Base: 01788F:Dawnguard.esm
Placement:
  Position: 3573.8765, 2558.477, 7325.3486
  Rotation: -0.060000263, -0, 1.8599999
