MutagenObjectType: PlacedObject
FormKey: 2A96B1:SexLab-Parasites.esp
FormVersion: 43
Base: 01A01F:Dawnguard.esm
Scale: 1.08
Placement:
  Position: -2204.203, 10296.937, 12332.962
  Rotation: -0.25217056, -0.33811465, 2.729943
