MutagenObjectType: PlacedObject
FormKey: 2A965F:SexLab-Parasites.esp
MajorRecordFlagsRaw: 512
FormVersion: 43
SkyrimMajorRecordFlags:
- 0x200
Base: 019C94:Dawnguard.esm
Placement:
  Position: 3545.0537, 9351.751, 13613.132
  Rotation: 0.044464253, -0.59017164, 0.85620606
