MutagenObjectType: PlacedObject
FormKey: 2A974F:SexLab-Parasites.esp
FormVersion: 43
Base: 000003:skyrim.esm
Placement:
  Position: 3031.201, 456.34033, 8132.7417
  Rotation: 0, -0, 2.7999985
