MutagenObjectType: PlacedObject
FormKey: 2A971E:SexLab-Parasites.esp
FormVersion: 43
Base: 03441F:skyrim.esm
Emittance: 01FD9B:skyrim.esm
Scale: 0.48
Placement:
  Position: 3746.2188, 8889.756, 13737.62
  Rotation: -1.2165818, -0.86790556, 1.7513486
