MutagenObjectType: PlacedObject
FormKey: 2A9749:SexLab-Parasites.esp
MajorRecordFlagsRaw: 512
FormVersion: 43
SkyrimMajorRecordFlags:
- 0x200
Base: 019C91:Dawnguard.esm
Scale: 0.91
Placement:
  Position: 2949.2534, 5319.2017, 11124.486
  Rotation: 0.024641952, -0.0655263, 4.182386
