MutagenObjectType: PlacedObject
FormKey: 2A9728:SexLab-Parasites.esp
FormVersion: 43
Base: 01A01F:Dawnguard.esm
Scale: 0.84
Placement:
  Position: 4166.971, 10658.707, 8635.76
  Rotation: -0.20437439, 0.20112604, 1.290338
