MutagenObjectType: PlacedObject
FormKey: 2A9878:SexLab-Parasites.esp
MajorRecordFlagsRaw: 512
FormVersion: 43
SkyrimMajorRecordFlags:
- 0x200
Base: 013817:Dawnguard.esm
Scale: 0.69
Placement:
  Position: 6529.6206, 6368.8184, 7181.4766
  Rotation: 2.0475805, 0.18871687, 3.4917123
