MutagenObjectType: PlacedObject
FormKey: 2A98BA:SexLab-Parasites.esp
MajorRecordFlagsRaw: 512
FormVersion: 43
SkyrimMajorRecordFlags:
- 0x200
Base: 0137EC:Dawnguard.esm
Scale: 0.59
Placement:
  Position: 145.37549, 6876.5312, 12293.755
  Rotation: -0.2775898, 0.23426338, 2.6472878
