MutagenObjectType: PlacedObject
FormKey: 2A98EB:SexLab-Parasites.esp
MajorRecordFlagsRaw: 512
FormVersion: 43
SkyrimMajorRecordFlags:
- 0x200
Base: 0137EE:Dawnguard.esm
Scale: 1.43
Placement:
  Position: 2933.2024, 11659.391, 11825.689
  Rotation: -0.25831738, 0.44920522, 1.7139498
