MutagenObjectType: PlacedObject
FormKey: 2A98B9:SexLab-Parasites.esp
MajorRecordFlagsRaw: 512
FormVersion: 43
SkyrimMajorRecordFlags:
- 0x200
Base: 0137EC:Dawnguard.esm
Scale: 0.69
Placement:
  Position: -100.492096, 7929.759, 13956.115
  Rotation: 1.3046478, -0.90962243, 3.4723017
