MutagenObjectType: PlacedObject
FormKey: 2A98E6:SexLab-Parasites.esp
FormVersion: 43
Base: 0137ED:Dawnguard.esm
Placement:
  Position: -33.686035, 6952.426, 12222.435
  Rotation: 0.3345255, -0.24824616, 6.070813
