MutagenObjectType: PlacedObject
FormKey: 2A9884:SexLab-Parasites.esp
MajorRecordFlagsRaw: 512
FormVersion: 43
SkyrimMajorRecordFlags:
- 0x200
Base: 034480:skyrim.esm
Scale: 1.2
Placement:
  Position: 7723.761, 7200.328, 6954.123
  Rotation: -0.07354119, 0.0017360635, 3.354335
