MutagenObjectType: PlacedObject
FormKey: 2A987E:SexLab-Parasites.esp
FormVersion: 43
Base: 02DD37:skyrim.esm
Scale: 1.5
Placement:
  Position: 6519.4287, 6379.2197, 6365.8477
  Rotation: -0.13089667, 0.07965841, 4.462356
