MutagenObjectType: PlacedObject
FormKey: 2A986F:SexLab-Parasites.esp
MajorRecordFlagsRaw: 512
FormVersion: 43
SkyrimMajorRecordFlags:
- 0x200
Base: 013818:Dawnguard.esm
Scale: 0.26
Placement:
  Position: 4417.158, 14393.443, 7047.241
  Rotation: -1.8554587, -0.4335745, 1.8069223
