MutagenObjectType: PlacedObject
FormKey: 2A9870:SexLab-Parasites.esp
FormVersion: 43
Base: 0137ED:Dawnguard.esm
Placement:
  Position: 3661.3386, 13838.085, 7005.645
  Rotation: 0.100899816, -0.17222509, 1.7232499
