MutagenObjectType: PlacedObject
FormKey: 2A986E:SexLab-Parasites.esp
FormVersion: 43
Base: 001D84:Dawnguard.esm
Placement:
  Position: 4704.6704, 13184.921, 7201.5674
  Rotation: 1.5713592, -0.5226951, 4.6951284
