MutagenObjectType: PlacedObject
FormKey: 2A988E:SexLab-Parasites.esp
FormVersion: 43
Base: 02DD37:skyrim.esm
Scale: 1.5
Placement:
  Position: 7230.6313, 6509.934, 6828.8647
  Rotation: -0.13089667, 0.07965841, 4.462356
