MutagenObjectType: PlacedObject
FormKey: 2A997F:SexLab-Parasites.esp
FormVersion: 43
Base: 0344B7:skyrim.esm
Scale: 2
Placement:
  Position: 3656.8162, 4875.6553, 5899.1284
  Rotation: 0.03215356, -0.22925209, 6.2644763
