MutagenObjectType: PlacedObject
FormKey: 2A9996:SexLab-Parasites.esp
MajorRecordFlagsRaw: 32768
FormVersion: 43
SkyrimMajorRecordFlags:
- VisibleWhenDistant
Base: 013832:Dawnguard.esm
Placement:
  Position: 2142.9397, 5019.239, 6938.752
  Rotation: -0.010002163, 0.019999333, 6.12299
