MutagenObjectType: PlacedObject
FormKey: 2A9965:SexLab-Parasites.esp
FormVersion: 43
Base: 0344B7:skyrim.esm
Scale: 2
Placement:
  Position: 4879.6304, 7129.8525, 5702.776
  Rotation: -0.06692403, 0.15988423, 6.2383657
