MutagenObjectType: PlacedObject
FormKey: 2A9983:SexLab-Parasites.esp
FormVersion: 43
Base: 0344B7:skyrim.esm
Scale: 2
Placement:
  Position: 4672.506, 3863.8916, 5694.5337
  Rotation: 0.03215356, -0.22925209, 6.2644763
