MutagenObjectType: PlacedObject
FormKey: 2A9974:SexLab-Parasites.esp
FormVersion: 43
Base: 0344B7:skyrim.esm
Scale: 2
Placement:
  Position: 2585.158, 8957.714, 6018.0356
  Rotation: 0.03215356, -0.22925209, 6.2644763
