MutagenObjectType: PlacedObject
FormKey: 2A996C:SexLab-Parasites.esp
FormVersion: 43
Base: 0344B7:skyrim.esm
Scale: 2
Placement:
  Position: 1550.8115, 10992.909, 6194.069
  Rotation: 0.03215356, -0.22925209, 6.2644763
