MutagenObjectType: PlacedObject
FormKey: 2A998E:SexLab-Parasites.esp
MajorRecordFlagsRaw: 512
FormVersion: 43
SkyrimMajorRecordFlags:
- 0x200
Base: 0137EA:Dawnguard.esm
Scale: 0.89
Placement:
  Position: 3791.4739, 12377.469, 10692.887
  Rotation: -0.5571365, 0.38340196, 3.665373
