MutagenObjectType: PlacedObject
FormKey: 2A996A:SexLab-Parasites.esp
FormVersion: 43
Base: 0344B7:skyrim.esm
Scale: 2
Placement:
  Position: 3733.8196, 10158.477, 5720.5786
  Rotation: -0.06692403, 0.15988423, 6.2383657
