MutagenObjectType: PlacedObject
FormKey: 2A9979:SexLab-Parasites.esp
FormVersion: 43
Base: 0344B7:skyrim.esm
Scale: 2
Placement:
  Position: 3619.5042, 6922.5186, 5842.0034
  Rotation: 0.03215356, -0.22925209, 6.2644763
