MutagenObjectType: PlacedObject
FormKey: 2A9926:SexLab-Parasites.esp
MajorRecordFlagsRaw: 512
FormVersion: 43
SkyrimMajorRecordFlags:
- 0x200
Base: 0137EC:Dawnguard.esm
Scale: 0.74
Placement:
  Position: 4358.239, 11192.754, 12360.275
  Rotation: -0.28859457, 0.23247659, 4.09795
