MutagenObjectType: PlacedObject
FormKey: 2A996B:SexLab-Parasites.esp
FormVersion: 43
Base: 0344B7:skyrim.esm
Scale: 2
Placement:
  Position: 4743.742, 10193.364, 5886.1455
  Rotation: -0.06692403, 0.15988423, 6.2383657
