MutagenObjectType: PlacedObject
FormKey: 2A9982:SexLab-Parasites.esp
FormVersion: 43
Base: 0344B7:skyrim.esm
Scale: 2
Placement:
  Position: 3675.472, 3852.224, 5927.6914
  Rotation: 0.03215356, -0.22925209, 6.2644763
