MutagenObjectType: PlacedObject
FormKey: 2A9973:SexLab-Parasites.esp
FormVersion: 43
Base: 0344B7:skyrim.esm
Scale: 2
Placement:
  Position: 3582.1921, 8969.381, 5784.878
  Rotation: 0.03215356, -0.22925209, 6.2644763
