MutagenObjectType: PlacedObject
FormKey: 2A997C:SexLab-Parasites.esp
FormVersion: 43
Base: 0344B7:skyrim.esm
Scale: 2
Placement:
  Position: 3638.1604, 5899.087, 5870.566
  Rotation: 0.03215356, -0.22925209, 6.2644763
