MutagenObjectType: PlacedObject
FormKey: 2A998D:SexLab-Parasites.esp
FormVersion: 43
Base: 0137ED:Dawnguard.esm
Placement:
  Position: 3938.091, 11798.825, 8410.18
  Rotation: 0.11159543, 0.16896255, 3.8988423
