MutagenObjectType: PlacedObject
FormKey: 2A998A:SexLab-Parasites.esp
FormVersion: 43
Base: 0137ED:Dawnguard.esm
Placement:
  Position: 4327.732, 11789.026, 8715.035
  Rotation: -0.1620123, -0.040876705, 4.217491
