MutagenObjectType: PlacedObject
FormKey: 2A997D:SexLab-Parasites.esp
FormVersion: 43
Base: 0344B7:skyrim.esm
Scale: 2
Placement:
  Position: 2641.1262, 5887.42, 6103.7236
  Rotation: 0.03215356, -0.22925209, 6.2644763
