MutagenObjectType: PlacedObject
FormKey: 2A9966:SexLab-Parasites.esp
FormVersion: 43
Base: 0344B7:skyrim.esm
Scale: 2
Placement:
  Position: 3824.4114, 8116.135, 5598.331
  Rotation: -0.06692403, 0.15988423, 6.2383657
