MutagenObjectType: PlacedObject
FormKey: 2A9998:SexLab-Parasites.esp
FormVersion: 43
Base: 0137ED:Dawnguard.esm
Placement:
  Position: 1639.4758, 6418.4224, 7077.906
  Rotation: -0.13781318, -0.1012026, 1.2118019
