MutagenObjectType: PlacedObject
FormKey: 2A9980:SexLab-Parasites.esp
FormVersion: 43
Base: 0344B7:skyrim.esm
Scale: 2
Placement:
  Position: 2659.782, 4863.9883, 6132.286
  Rotation: 0.03215356, -0.22925209, 6.2644763
