MutagenObjectType: PlacedObject
FormKey: 2A9988:SexLab-Parasites.esp
MajorRecordFlagsRaw: 512
FormVersion: 43
SkyrimMajorRecordFlags:
- 0x200
Base: 0137EC:Dawnguard.esm
Scale: 0.74
Placement:
  Position: 1581.283, 12979.349, 9025.607
  Rotation: 0.25848117, 0.0789065, 4.14345
