MutagenObjectType: PlacedObject
FormKey: 2A9969:SexLab-Parasites.esp
FormVersion: 43
Base: 0344B7:skyrim.esm
Scale: 2
Placement:
  Position: 3779.1155, 9137.307, 5659.4556
  Rotation: -0.06692403, 0.15988423, 6.2383657
