MutagenObjectType: PlacedObject
FormKey: 2A999A:SexLab-Parasites.esp
FormVersion: 43
Base: 001C21:Dawnguard.esm
Placement:
  Position: 4371.834, 2960.7024, 7023.261
  Rotation: 0.08269028, -0.0006670487, 3.9655797
