MutagenObjectType: PlacedObject
FormKey: 2A9976:SexLab-Parasites.esp
FormVersion: 43
Base: 0344B7:skyrim.esm
Scale: 2
Placement:
  Position: 3600.848, 7945.9497, 5813.4404
  Rotation: 0.03215356, -0.22925209, 6.2644763
