MutagenObjectType: PlacedObject
FormKey: 2A998B:SexLab-Parasites.esp
FormVersion: 43
Base: 0137ED:Dawnguard.esm
Placement:
  Position: 4975.308, 10949.753, 8564.989
  Rotation: 0.110349804, 0.079515286, 4.1319914
