MutagenObjectType: PlacedObject
FormKey: 2A9960:SexLab-Parasites.esp
FormVersion: 43
Base: 013817:Dawnguard.esm
Scale: 1.48
Placement:
  Position: 3145.9626, 8292.161, 5855.405
  Rotation: -0.0072004125, 0.091517076, 5.177143
