MutagenObjectType: PlacedObject
FormKey: 2A997E:SexLab-Parasites.esp
FormVersion: 43
Base: 0344B7:skyrim.esm
Scale: 2
Placement:
  Position: 4653.85, 4887.323, 5665.9707
  Rotation: 0.03215356, -0.22925209, 6.2644763
