MutagenObjectType: PlacedObject
FormKey: 2A996D:SexLab-Parasites.esp
FormVersion: 43
Base: 0344B7:skyrim.esm
Scale: 2
Placement:
  Position: 1569.4675, 9969.478, 6222.6313
  Rotation: 0.03215356, -0.22925209, 6.2644763
