MutagenObjectType: PlacedObject
FormKey: 2A998C:SexLab-Parasites.esp
MajorRecordFlagsRaw: 512
FormVersion: 43
SkyrimMajorRecordFlags:
- 0x200
Base: 0137EC:Dawnguard.esm
Scale: 0.56
Placement:
  Position: 3166.4963, 12399.327, 10583.44
  Rotation: -2.2448292, -1.0764508, 4.009281
