MutagenObjectType: PlacedObject
FormKey: 2A9991:SexLab-Parasites.esp
MajorRecordFlagsRaw: 512
FormVersion: 43
SkyrimMajorRecordFlags:
- 0x200
Base: 01381A:Dawnguard.esm
Placement:
  Position: 5871.66, 9723.483, 9830.157
  Rotation: -0.3123432, 0.42280132, 4.0456343
