MutagenObjectType: PlacedObject
FormKey: 2A992F:SexLab-Parasites.esp
MajorRecordFlagsRaw: 512
FormVersion: 43
SkyrimMajorRecordFlags:
- 0x200
Base: 013818:Dawnguard.esm
Scale: 0.29
Placement:
  Position: 4204.75, 12497.486, 7769.9
  Rotation: -1.6984953, 0.609418, 1.5210375
