MutagenObjectType: PlacedObject
FormKey: 2A997A:SexLab-Parasites.esp
FormVersion: 43
Base: 0344B7:skyrim.esm
Scale: 2
Placement:
  Position: 2622.47, 6910.8516, 6075.161
  Rotation: 0.03215356, -0.22925209, 6.2644763
