MutagenObjectType: PlacedObject
FormKey: 2A9972:SexLab-Parasites.esp
FormVersion: 43
Base: 0344B7:skyrim.esm
Scale: 2
Placement:
  Position: 4579.226, 8981.049, 5551.72
  Rotation: 0.03215356, -0.22925209, 6.2644763
