MutagenObjectType: PlacedObject
FormKey: 2A9936:SexLab-Parasites.esp
MajorRecordFlagsRaw: 512
FormVersion: 43
SkyrimMajorRecordFlags:
- 0x200
Base: 013817:Dawnguard.esm
Scale: 1.43
Placement:
  Position: 6480.682, 13283.11, 11202.902
  Rotation: 0.047106057, 0.35856834, 5.1584005
