MutagenObjectType: PlacedObject
FormKey: 2A9981:SexLab-Parasites.esp
FormVersion: 43
Base: 0344B7:skyrim.esm
Scale: 2
Placement:
  Position: 2678.4377, 3840.5566, 6160.849
  Rotation: 0.03215356, -0.22925209, 6.2644763
