MutagenObjectType: PlacedObject
FormKey: 2A9995:SexLab-Parasites.esp
MajorRecordFlagsRaw: 32768
FormVersion: 43
SkyrimMajorRecordFlags:
- VisibleWhenDistant
Base: 013832:Dawnguard.esm
Placement:
  Position: 2844.314, 3730.1882, 6968.1475
  Rotation: 0.009974603, -0.049989723, 5.364194
