MutagenObjectType: PlacedObject
FormKey: 2A9963:SexLab-Parasites.esp
FormVersion: 43
Base: 0344B7:skyrim.esm
Scale: 2
Placement:
  Position: 4970.2207, 5087.5117, 5580.5312
  Rotation: -0.06692403, 0.15988423, 6.2383657
