MutagenObjectType: PlacedObject
FormKey: 2A9975:SexLab-Parasites.esp
FormVersion: 43
Base: 0344B7:skyrim.esm
Scale: 2
Placement:
  Position: 4597.882, 7957.6177, 5580.2827
  Rotation: 0.03215356, -0.22925209, 6.2644763
