MutagenObjectType: PlacedObject
FormKey: 2A9971:SexLab-Parasites.esp
FormVersion: 43
Base: 0344B7:skyrim.esm
Scale: 2
Placement:
  Position: 2566.5017, 9981.1455, 5989.473
  Rotation: 0.03215356, -0.22925209, 6.2644763
