MutagenObjectType: PlacedObject
FormKey: 2A997B:SexLab-Parasites.esp
FormVersion: 43
Base: 0344B7:skyrim.esm
Scale: 2
Placement:
  Position: 4635.1943, 5910.755, 5637.408
  Rotation: 0.03215356, -0.22925209, 6.2644763
