MutagenObjectType: PlacedObject
FormKey: 4CC7BB:SexLab-Parasites.esp
FormVersion: 43
Base: 0CACDC:skyrim.esm
Placement:
  Position: 702.48694, 9920.321, 11510.638
  Rotation: -0.6702244, -1.2427466, 1.9242792
