MutagenObjectType: PlacedObject
FormKey: 4CC7C0:SexLab-Parasites.esp
FormVersion: 43
Base: 0D1A42:skyrim.esm
Placement:
  Position: 602.2306, 8934.761, 12124.718
  Rotation: -2.5244572, -1.2655907, 4.5069227
