MutagenObjectType: PlacedObject
FormKey: 4CC7D5:SexLab-Parasites.esp
FormVersion: 43
Base: 012BA4:Dawnguard.esm
Placement:
  Position: 4023.898, 3925.5688, 12265.17
  Rotation: 1.5684437, -1.1999875, 0.031383947
