MutagenObjectType: PlacedObject
FormKey: 4CC7D2:SexLab-Parasites.esp
FormVersion: 43
Base: 005892:Dawnguard.esm
Placement:
  Position: 4772.6646, 5307.514, 11998.307
  Rotation: 2.8959494, 0.5991372, 5.712587
