MutagenObjectType: PlacedObject
FormKey: 4CC7B9:SexLab-Parasites.esp
MajorRecordFlagsRaw: 512
FormVersion: 43
SkyrimMajorRecordFlags:
- 0x200
Base: 01381A:Dawnguard.esm
Placement:
  Position: -536.62146, 10831.793, 12836.221
  Rotation: 0.14991328, -0.8043723, 2.6492848
