MutagenObjectType: PlacedObject
FormKey: 4CC7BA:SexLab-Parasites.esp
MajorRecordFlagsRaw: 512
FormVersion: 43
SkyrimMajorRecordFlags:
- 0x200
Base: 0137EE:Dawnguard.esm
Scale: 1.43
Placement:
  Position: 222.01709, 11244.159, 9212.561
  Rotation: -0.62177604, -0.7920812, 2.1174777
