MutagenObjectType: PlacedObject
FormKey: 4CC7C7:SexLab-Parasites.esp
FormVersion: 43
Base: 0CE102:skyrim.esm
Placement:
  Position: 791.1808, 9881.979, 11458.818
  Rotation: 3.1415927, -1.1415976, 3.1415927
