MutagenObjectType: PlacedObject
FormKey: 4CC7B8:SexLab-Parasites.esp
FormVersion: 43
Base: 09218D:skyrim.esm
Placement:
  Position: 2001.4492, 10839.743, 12046.226
  Rotation: -1.6008089, 0.36477616, 4.6959085
