MutagenObjectType: PlacedObject
FormKey: 4CC7CE:SexLab-Parasites.esp
FormVersion: 43
Base: 008940:Dawnguard.esm
Placement:
  Position: 4324.07, 4701.112, 11945.207
  Rotation: 2.6826386, 0.87193245, 2.3227522
