MutagenObjectType: PlacedObject
FormKey: 4CC7CF:SexLab-Parasites.esp
FormVersion: 43
Base: 0058A1:Dawnguard.esm
Placement:
  Position: 4688.368, 4820.714, 11355.125
  Rotation: 2.2957356, 0.6207679, 3.6867537
