MutagenObjectType: PlacedObject
FormKey: 652590:SexLab-Parasites.esp
FormVersion: 43
Base: 03441F:skyrim.esm
Emittance: 01FD9B:skyrim.esm
Scale: 0.48
Placement:
  Position: 4739.1846, 7879.003, 13968.586
  Rotation: -1.2165818, -0.86790556, 1.7513486
