MutagenObjectType: PlacedObject
FormKey: 8FDE1C:SexLab-Parasites.esp
FormVersion: 43
Base: 03F863:skyrim.esm
Scale: 1.7
Placement:
  Position: 23805.75, 12.055577, -2462.4377
  Rotation: -0.21352494, 0.18546052, 1.5002089
