MutagenObjectType: PlacedObject
FormKey: 48594C:SexLab-Parasites.esp
FormVersion: 43
Base: 1016A1:skyrim.esm
Placement:
  Position: -2901.385, -8833.087, 142.09967
  Rotation: 0, -0, 1.2831962
