MutagenObjectType: PlacedObject
FormKey: 0033F4:SexLab-Parasites.esp
MajorRecordFlagsRaw: 512
FormVersion: 43
SkyrimMajorRecordFlags:
- 0x200
Base: 03A1F9:skyrim.esm
Placement:
  Position: 574.1507, 1697.126, -130.98325
  Rotation: 0.0038857898, 0.081860915, 2.2010906
