MutagenObjectType: PlacedObject
FormKey: 0033A3:SexLab-Parasites.esp
FormVersion: 43
Base: 015407:skyrim.esm
Placement:
  Position: 537.14716, 2152.829, -104.06333
  Rotation: 0, -0, 0.25000003
