MutagenObjectType: PlacedObject
FormKey: 00333C:SexLab-Parasites.esp
FormVersion: 43
Base: 0F13C4:skyrim.esm
Scale: 1.79
Placement:
  Position: 1796.3348, 419.35852, 2296.7761
  Rotation: 0, -0, 0.7750039
