MutagenObjectType: PlacedObject
FormKey: 003394:SexLab-Parasites.esp
FormVersion: 43
Base: 022504:skyrim.esm
Placement:
  Position: 823.7461, 1280.8987, 515.63367
  Rotation: -2.860352, -0.20833619, 3.0819101
