MutagenObjectType: PlacedObject
FormKey: 00337D:SexLab-Parasites.esp
FormVersion: 43
Base: 0224EB:skyrim.esm
Placement:
  Position: 455.38763, 1433.0061, -174.52957
  Rotation: 0, -0, 3.926992
