MutagenObjectType: PlacedObject
FormKey: 003389:SexLab-Parasites.esp
FormVersion: 43
Base: 022504:skyrim.esm
Placement:
  Position: -280.03342, 444.16522, -175.85214
  Rotation: 0, -0, 5.2
