MutagenObjectType: PlacedObject
FormKey: 00334F:SexLab-Parasites.esp
FormVersion: 43
Base: 01F8B0:skyrim.esm
Radius: 172.59903
Placement:
  Position: -716.1708, 600.93286, 268.83368
