MutagenObjectType: PlacedObject
FormKey: 0033E4:SexLab-Parasites.esp
MajorRecordFlagsRaw: 512
FormVersion: 43
SkyrimMajorRecordFlags:
- 0x200
Base: 03A1EF:skyrim.esm
Scale: 0.9
Placement:
  Position: 535.1278, 1337.2657, 528.0918
  Rotation: -0.042343937, -0.29708585, 1.714534
