MutagenObjectType: PlacedObject
FormKey: 0033ED:SexLab-Parasites.esp
MajorRecordFlagsRaw: 512
FormVersion: 43
SkyrimMajorRecordFlags:
- 0x200
Base: 03A1FA:skyrim.esm
Placement:
  Position: 309.82785, 1283.7006, 727.08887
  Rotation: 3.1415927, 0.8415887, 2.716594
