MutagenObjectType: PlacedObject
FormKey: 003339:SexLab-Parasites.esp
FormVersion: 43
Base: 0F13C4:skyrim.esm
Scale: 1.79
Placement:
  Position: 902.4466, -487.69962, 2296.7761
  Rotation: 0, -0, 1.6000047
