MutagenObjectType: PlacedObject
FormKey: 0033E5:SexLab-Parasites.esp
MajorRecordFlagsRaw: 512
FormVersion: 43
SkyrimMajorRecordFlags:
- 0x200
Base: 03A1EF:skyrim.esm
Scale: 1.07
Placement:
  Position: 236.12144, 1177.7986, 522.0534
  Rotation: -0.4016742, 0.2082378, 3.6313865
