MutagenObjectType: PlacedObject
FormKey: 00336F:SexLab-Parasites.esp
FormVersion: 43
Base: 088245:skyrim.esm
Radius: 2701.895
Emittance: 075492:skyrim.esm
LightData:
  FadeOffset: 8.990595
  ShadowDepthBias: 40.796623
Placement:
  Position: 319.46426, 1290.1976, 868.6057
  Rotation: 0, -1.5703081, 0
