MutagenObjectType: PlacedObject
FormKey: 0033E0:SexLab-Parasites.esp
FormVersion: 43
Base: 064B41:skyrim.esm
Placement:
  Position: 758.2988, 665.5478, -75.402145
  Rotation: -2.2108777, 0.15341346, 3.856653
