MutagenObjectType: PlacedObject
FormKey: 003390:SexLab-Parasites.esp
FormVersion: 43
Base: 0185B5:skyrim.esm
Placement:
  Position: 1015.8517, 580.52045, -124.88686
  Rotation: 0, -0, 3.9831924
