MutagenObjectType: PlacedObject
FormKey: 0033E6:SexLab-Parasites.esp
FormVersion: 43
Base: 022503:skyrim.esm
Placement:
  Position: 150.50008, 1057.1165, 528.27924
  Rotation: 3.1415927, -0.1165993, 3.1415927
