MutagenObjectType: PlacedObject
FormKey: 0033D4:SexLab-Parasites.esp
FormVersion: 43
Base: 0669A5:skyrim.esm
Placement:
  Position: 988.85315, 618.42053, -52.183193
  Rotation: 0.021429105, -0.65632015, 4.44478
