MutagenObjectType: PlacedObject
FormKey: 003357:SexLab-Parasites.esp
FormVersion: 43
Base: 08824B:skyrim.esm
Radius: 251.11292
Emittance: 075492:skyrim.esm
LightData:
  FadeOffset: 0.39004624
  ShadowDepthBias: 1
Placement:
  Position: 319.36584, 1845.1288, 197.70926
