MutagenObjectType: PlacedObject
FormKey: 0033A7:SexLab-Parasites.esp
FormVersion: 43
Base: 01CD71:skyrim.esm
Scale: 1.02
Placement:
  Position: 391.2434, 2158.2424, -214.53636
  Rotation: 0, -0, 4.28319
