MutagenObjectType: PlacedObject
FormKey: 0033A5:SexLab-Parasites.esp
FormVersion: 43
Base: 01CDF0:skyrim.esm
Scale: 0.65
Placement:
  Position: 633.7927, 2251.424, -178.88585
  Rotation: -0.24999936, -0, 0
