MutagenObjectType: PlacedObject
FormKey: 0033DE:SexLab-Parasites.esp
FormVersion: 43
Base: 064B3F:skyrim.esm
Placement:
  Position: 756.1694, 675.4613, -61.3456
  Rotation: 0.105655156, 0.4262362, 6.200112
