MutagenObjectType: PlacedObject
FormKey: 0033DF:SexLab-Parasites.esp
FormVersion: 43
Base: 064B41:skyrim.esm
Placement:
  Position: 742.1892, 673.20233, -71.24636
  Rotation: -1.7771757, -0.016015545, 0.16286056
