MutagenObjectType: PlacedObject
FormKey: 003379:SexLab-Parasites.esp
FormVersion: 43
Base: 0224EA:skyrim.esm
Placement:
  Position: 309.1535, 1360.1066, -213.18353
  Rotation: 0, -0, 3.926992
