MutagenObjectType: PlacedObject
FormKey: 0033F0:SexLab-Parasites.esp
MajorRecordFlagsRaw: 512
FormVersion: 43
SkyrimMajorRecordFlags:
- 0x200
Base: 03A1FB:skyrim.esm
Placement:
  Position: 673.4788, 1402.1847, 380.20892
  Rotation: -0.68217033, 0.7139055, 5.557434
