MutagenObjectType: PlacedObject
FormKey: 0033D1:SexLab-Parasites.esp
FormVersion: 43
Base: 104110:skyrim.esm
Placement:
  Position: 914.621, 670.3545, -128.56741
  Rotation: 0, -0, 3.4582045
