MutagenObjectType: PlacedObject
FormKey: 0033B6:SexLab-Parasites.esp
FormVersion: 43
Base: 0224FD:skyrim.esm
Placement:
  Position: 142.33983, 1210.9318, 590.47345
  Rotation: 1.272127, -0.84840685, 5.4643874
