MutagenObjectType: PlacedObject
FormKey: 003340:SexLab-Parasites.esp
FormVersion: 43
Base: 0F13C4:skyrim.esm
Scale: 1.79
Placement:
  Position: -253.06758, 2813.1372, 2296.7761
  Rotation: 0, -0, 2.6250021
