MutagenObjectType: PlacedObject
FormKey: 0033D2:SexLab-Parasites.esp
FormVersion: 43
Base: 054173:skyrim.esm
Placement:
  Position: 981.8363, 613.14526, -127.78705
  Rotation: 0, -0, 4.883189
