MutagenObjectType: PlacedObject
FormKey: 003361:SexLab-Parasites.esp
FormVersion: 43
Base: 03199A:skyrim.esm
Placement:
  Position: 1016.58344, 1264.9482, -92.9957
  Rotation: -0.020253535, -0.026320202, 3.8264349
