MutagenObjectType: PlacedObject
FormKey: 0033E9:SexLab-Parasites.esp
MajorRecordFlagsRaw: 512
FormVersion: 43
SkyrimMajorRecordFlags:
- 0x200
Base: 03A1EF:skyrim.esm
Scale: 1.07
Placement:
  Position: 301.76105, 1224.6284, 522.0534
  Rotation: -0.4016742, 0.2082378, 2.0813904
