MutagenObjectType: PlacedObject
FormKey: 00337C:SexLab-Parasites.esp
FormVersion: 43
Base: 0224E7:skyrim.esm
Placement:
  Position: 216.28978, 1559.2357, -228.68921
  Rotation: 0.6154811, 0.52359647, 4.0969124
