MutagenObjectType: PlacedObject
FormKey: 003359:SexLab-Parasites.esp
FormVersion: 43
Base: 000003:skyrim.esm
Placement:
  Position: -210.83667, -900.57874, 560.71313
  Rotation: 0, -0, 3.1269927
