MutagenObjectType: PlacedObject
FormKey: 0033EA:SexLab-Parasites.esp
MajorRecordFlagsRaw: 512
FormVersion: 43
SkyrimMajorRecordFlags:
- 0x200
Base: 03A1EE:skyrim.esm
Scale: 0.65
Placement:
  Position: 319.92783, 1229.8792, 654.36066
  Rotation: -0.06643724, -0.07479461, 0.9024878
