MutagenObjectType: PlacedObject
FormKey: 003399:SexLab-Parasites.esp
FormVersion: 43
Base: 022505:skyrim.esm
Scale: 0.76
Placement:
  Position: -88.70711, 1148.4326, 506.7135
  Rotation: -3.1415925, 0.10840244, 3.9916005
