MutagenObjectType: PlacedObject
FormKey: 0033DD:SexLab-Parasites.esp
FormVersion: 43
Base: 064B3F:skyrim.esm
Placement:
  Position: 751.16254, 675.5482, -86.404335
  Rotation: -0.16955638, -0.08539235, 6.2719755
