MutagenObjectType: PlacedObject
FormKey: 0033D9:SexLab-Parasites.esp
FormVersion: 43
Base: 034D2D:skyrim.esm
Placement:
  Position: 1184.2999, 790.43365, -41.587387
  Rotation: 0, -0, 1.9750004
