MutagenObjectType: PlacedObject
FormKey: 0033C3:SexLab-Parasites.esp
MajorRecordFlagsRaw: 512
FormVersion: 43
SkyrimMajorRecordFlags:
- 0x200
Base: 01CDE8:skyrim.esm
Placement:
  Position: 1426.0015, 1016.1469, 64.93471
  Rotation: -0.14097962, 0.25512058, 1.588006
