MutagenObjectType: PlacedObject
FormKey: 0033E2:SexLab-Parasites.esp
FormVersion: 43
Base: 064B40:skyrim.esm
Placement:
  Position: 731.9786, 711.6829, -97.82718
  Rotation: -1.4110612, -0.9934875, 1.1557678
