MutagenObjectType: PlacedObject
FormKey: 0033D3:SexLab-Parasites.esp
FormVersion: 43
Base: 054173:skyrim.esm
Placement:
  Position: 822.55396, 643.59515, -129.07858
  Rotation: 0, -0, 4.933189
