MutagenObjectType: PlacedObject
FormKey: 0033F9:SexLab-Parasites.esp
FormVersion: 43
Base: 015410:skyrim.esm
Placement:
  Position: -251.97794, 2401.826, 115.6655
  Rotation: -0.074999765, -0, 0
