MutagenObjectType: PlacedObject
FormKey: 0033FD:SexLab-Parasites.esp
MajorRecordFlagsRaw: 512
FormVersion: 43
SkyrimMajorRecordFlags:
- 0x200
Base: 03A1EC:skyrim.esm
Placement:
  Position: -287.32748, 1871.9475, 75.983154
  Rotation: -0.050015446, -0.02496851, 4.8094378
