MutagenObjectType: PlacedObject
FormKey: 003384:SexLab-Parasites.esp
FormVersion: 43
Base: 022507:skyrim.esm
Placement:
  Position: 832, 1536, -246.95879
  Rotation: -1.5104735, 1.1841514, 1.680484
