MutagenObjectType: PlacedObject
FormKey: 00337A:SexLab-Parasites.esp
FormVersion: 43
Base: 0224E8:skyrim.esm
Placement:
  Position: 465.15894, 1290.7665, -239.38858
  Rotation: 0, -0, 3.926992
