MutagenObjectType: PlacedObject
FormKey: 0033D0:SexLab-Parasites.esp
FormVersion: 43
Base: 0669A5:skyrim.esm
Placement:
  Position: 970.96936, 613.28894, -51.27792
  Rotation: -0.06346267, 0.47733447, 4.8125267
