MutagenObjectType: PlacedObject
FormKey: 0033B1:SexLab-Parasites.esp
FormVersion: 43
Base: 015410:skyrim.esm
Placement:
  Position: 842.1586, 1243.9486, -139.11732
  Rotation: -0.02499992, -0, 0
