MutagenObjectType: PlacedObject
FormKey: 0033C5:SexLab-Parasites.esp
FormVersion: 43
Base: 015410:skyrim.esm
Placement:
  Position: 646.08704, 1491.434, -137.65239
  Rotation: -0.02499992, -0, 0
