MutagenObjectType: PlacedObject
FormKey: 003469:SexLab-Parasites.esp
FormVersion: 43
Base: 022504:skyrim.esm
Placement:
  Position: 46.471336, -505.31403, 679.2053
  Rotation: -2.643396, -0.824537, 4.6693716
