MutagenObjectType: PlacedObject
FormKey: 00340F:SexLab-Parasites.esp
FormVersion: 43
Base: 0B8A6B:skyrim.esm
Placement:
  Position: 122.85359, 2107.0142, 36.244385
  Rotation: 0.024970254, -0.024874749, 0.0024962982
