MutagenObjectType: PlacedObject
FormKey: 003482:SexLab-Parasites.esp
FormVersion: 43
Base: 00000F:skyrim.esm
Placement:
  Position: 762.70325, 159.79868, 7.421908
  Rotation: -3.139126, -0.0057201153, 0.13607523
