MutagenObjectType: PlacedObject
FormKey: 00341E:SexLab-Parasites.esp
FormVersion: 43
Base: 0D987F:skyrim.esm
Placement:
  Position: 775.676, 131.81764, -55.03251
  Rotation: -0.003793843, 0.07489657, 2.6074271
