MutagenObjectType: PlacedObject
FormKey: 003472:SexLab-Parasites.esp
FormVersion: 43
Base: 0AAE90:skyrim.esm
Placement:
  Position: 777.7105, 1322.8611, -116.754234
  Rotation: 0.017052477, 0.09854065, 1.3758456
