MutagenObjectType: PlacedObject
FormKey: 003450:SexLab-Parasites.esp
FormVersion: 43
Base: 064B3E:skyrim.esm
RagdollData: 0x0000000000000000000000000000000061B99EBD9C4BFF3D7ED192BF00000400C0B04F41000AF23F005826BEB51EC6BDEE45993D238F863F00000400404DA940000CB740803B373F1D50B4BD8079E73DF5E2C03F0000000000F8833E007EE43F801EB6BFCD6FECBDBFEABF3D5A04483F
Placement:
  Position: 744.92206, 265.0552, -75.75496
  Rotation: 0, -0, 1.7331992
