MutagenObjectType: PlacedObject
FormKey: 003451:SexLab-Parasites.esp
FormVersion: 43
Base: 064B3E:skyrim.esm
RagdollData: 0x000000000000000000000000000000000DBD44BE5EC0B7BB70FF84BF00000500C0FB5E4100919D4080E0433F9AAFE0BD4E0B8A3DB26F863F000016008082B240808BDA40C0039D3F483B9CBEE6441EBDE344A93F00006F0000D4593F000ABB4000398CBEF9EA07BED1C6AD3DAAD24A3F
Placement:
  Position: 706.40247, 239.96092, -77.727745
  Rotation: 0, -0, 1.7331992
