MutagenObjectType: PlacedObject
FormKey: 003499:SexLab-Parasites.esp
FormVersion: 43
Base: 052B5C:skyrim.esm
Placement:
  Position: 273.32495, -1712.9985, 556.4948
  Rotation: 0, -0, 3.5000021
