MutagenObjectType: PlacedObject
FormKey: 003434:SexLab-Parasites.esp
FormVersion: 43
Base: 015410:skyrim.esm
Placement:
  Position: 362.5678, 2503.6138, 58.533737
  Rotation: -0.10012399, -0.049749836, 0.0049957614
