MutagenObjectType: PlacedObject
FormKey: 003415:SexLab-Parasites.esp
FormVersion: 43
Base: 0B8A6B:skyrim.esm
Placement:
  Position: 138.99976, -72.013794, -149.21048
  Rotation: 0.075093664, -0.049859155, 5.4044385
