MutagenObjectType: PlacedObject
FormKey: 003458:SexLab-Parasites.esp
MajorRecordFlagsRaw: 512
FormVersion: 43
SkyrimMajorRecordFlags:
- 0x200
Base: 03A1EF:skyrim.esm
Scale: 0.75
Placement:
  Position: 784.94635, 1434.8721, 342.84393
  Rotation: 0.05460101, -0.11249984, 5.8801117
