MutagenObjectType: PlacedObject
FormKey: 003498:SexLab-Parasites.esp
FormVersion: 43
Base: 052B5C:skyrim.esm
Placement:
  Position: 259.02405, -1585.7723, 433.4743
  Rotation: 0, -0, 3.2000012
