MutagenObjectType: PlacedObject
FormKey: 00343C:SexLab-Parasites.esp
FormVersion: 43
Base: 03E6A0:skyrim.esm
Placement:
  Position: 451.54657, 834.45325, -156.56055
  Rotation: -1.3956516, -1.1783795, 1.4056216
