MutagenObjectType: PlacedObject
FormKey: 003416:SexLab-Parasites.esp
FormVersion: 43
Base: 0B8A6A:skyrim.esm
Placement:
  Position: 382.1723, -732.1918, 100.95889
  Rotation: 0.22500043, 0.25000048, 0
