MutagenObjectType: PlacedObject
FormKey: 00344F:SexLab-Parasites.esp
FormVersion: 43
Base: 064B3E:skyrim.esm
RagdollData: 0x000000000000000000000000000000000573D6BCFD47BDBB714D9EBF0000000000CB04417FF7274180CA12BFAAC320BFFF9E1BBF7CD5643F000000000077B7C04BD7B14120B535C016EE3AC0764862BEF70A2540000000000020443EBA6C924000D3CFBF9093853DED5AAE3DE5EB2F3F
Placement:
  Position: 685.79626, 222.79863, -78.30291
  Rotation: 0, -0, 5.941388
