MutagenObjectType: PlacedObject
FormKey: 003408:SexLab-Parasites.esp
FormVersion: 43
Base: 0224E4:skyrim.esm
Placement:
  Position: -82.12208, 1739.4585, -160.5351
  Rotation: 0, -0, 4.9331884
