MutagenObjectType: PlacedObject
FormKey: 003453:SexLab-Parasites.esp
FormVersion: 43
Base: 064B3E:skyrim.esm
RagdollData: 0x000000000000000000000000000000006A88A4BD1F11FF3D145293BF0000600020E65141003F114000549CBDAD2EACBD32EAA73D9AAC803F00000600807F4C4000F2B44080532C3F930B7F3C4D10113EF6F4D43F00000000001CEC3E0066F33F40F5B1BF6521FABDCAE8B13DABCB403F
Placement:
  Position: 724.9694, 247.518, -75.99716
  Rotation: 0, -0, 1.7331992
