MutagenObjectType: PlacedObject
FormKey: 00344E:SexLab-Parasites.esp
FormVersion: 43
Base: 064B3E:skyrim.esm
RagdollData: 0x00FF0B0100000000000000000000000074E6ED3DB1F7B73AB9A493BF0000803F4085514100AC333F20A700C0B808B63DFEAD59BD4689893F000000004087C4400016954080705EBF209D413E4178EF3A4DD0CD3F0000000000106BBE00E08E3F80E7D3BFBFBBA73DA4E4F3BC6C2F473F
Placement:
  Position: 719.8923, 217.29068, -74.19132
  Rotation: 0, -0, 4.816391
