MutagenObjectType: PlacedObject
FormKey: 003412:SexLab-Parasites.esp
FormVersion: 43
Base: 0AAE8F:skyrim.esm
Scale: 0.78
Placement:
  Position: -43.033478, 513.54425, -172.90247
  Rotation: 0, -0, 5.383189
