MutagenObjectType: PlacedObject
FormKey: 00342A:SexLab-Parasites.esp
FormVersion: 43
Base: 022504:skyrim.esm
Placement:
  Position: -416.99103, 689.31757, 550.22095
  Rotation: 2.9331937, -0, 0
