MutagenObjectType: PlacedObject
FormKey: 003463:SexLab-Parasites.esp
FormVersion: 43
Base: 022504:skyrim.esm
Placement:
  Position: 437.6986, -727.9583, 755.74207
  Rotation: -2.6749897, -0, 0
