MutagenObjectType: PlacedObject
FormKey: 003457:SexLab-Parasites.esp
FormVersion: 43
Base: 0AAE90:skyrim.esm
Placement:
  Position: 871.3626, 421.2229, -120.95352
  Rotation: 0.1145034, 0.28377044, 0.72189736
