MutagenObjectType: PlacedObject
FormKey: 00347A:SexLab-Parasites.esp
FormVersion: 43
Base: 04DA0C:skyrim.esm
Placement:
  Position: -124.058586, 608.16974, -159.52641
  Rotation: -0.06923949, -0.2526802, 0.27925268
