MutagenObjectType: PlacedObject
FormKey: 003409:SexLab-Parasites.esp
FormVersion: 43
Base: 0224FA:skyrim.esm
Placement:
  Position: 317.2988, 2140.5574, 580.3887
  Rotation: 3.1187181, -0.20715837, 0.110778384
