MutagenObjectType: PlacedObject
FormKey: 00340A:SexLab-Parasites.esp
FormVersion: 43
Base: 0224FA:skyrim.esm
Placement:
  Position: 398.40665, 2151.9304, 614.8627
  Rotation: -3.0978847, -0.44494677, 3.3105204
