MutagenObjectType: PlacedObject
FormKey: 003461:SexLab-Parasites.esp
FormVersion: 43
Base: 0B8A6B:skyrim.esm
Placement:
  Position: 368.00415, -87.19246, -135.72804
  Rotation: 0.34211636, 0.15057072, 5.4303293
