MutagenObjectType: PlacedObject
FormKey: 003465:SexLab-Parasites.esp
FormVersion: 43
Base: 0224FA:skyrim.esm
Placement:
  Position: -29.270905, -665.7002, 683.80725
  Rotation: -2.6663232, -0.96420383, 0.89991903
