MutagenObjectType: PlacedObject
FormKey: 00340B:SexLab-Parasites.esp
FormVersion: 43
Base: 022504:skyrim.esm
Placement:
  Position: 125.3945, 2018.6702, 586.1825
  Rotation: 3.0040796, 0.09434822, 5.3100863
