MutagenObjectType: PlacedObject
FormKey: 003454:SexLab-Parasites.esp
FormVersion: 43
Base: 064B3E:skyrim.esm
RagdollData: 0x00000000000000000000000000000000C83EA2BDA8E42ABD4C928EBF0000000000B93D410093234040B91CC02A9005BD517BC8BD260A863F00000400A022214180E9B840803922C023D61DBD2A3891BDF899883F0000000000BA8BBF005F27404050BFBF831259BD3B7AA8BD001B4A3F
Placement:
  Position: 761.62946, 237.44221, -72.244316
  Rotation: 0, -0, 3.7081943
