MutagenObjectType: PlacedObject
FormKey: 00344D:SexLab-Parasites.esp
FormVersion: 43
Base: 064B3E:skyrim.esm
RagdollData: 0x00FF0B0100000000000000000000000074C93A3EDD76BB3D3CD5B0BF0000803F2011574100F07EBE0019013F8FE2893E23442F3C0B9F593F000000004063A040006AE740E03D0AC0755A0B3F4CEA293C12DDC23F0000000000B093BD007AB7BF407DC4BF0E948E3DC80F23BDDD25313F
Placement:
  Position: 710.45276, 213.37372, -74.70183
  Rotation: 0, -0, 4.816391
