MutagenObjectType: PlacedObject
FormKey: 003460:SexLab-Parasites.esp
FormVersion: 43
Base: 022504:skyrim.esm
Placement:
  Position: 328.9641, -543.2703, 774.58624
  Rotation: -2.6749897, -0, 0
