MutagenObjectType: PlacedObject
FormKey: 00346D:SexLab-Parasites.esp
FormVersion: 43
Base: 03E6A1:skyrim.esm
Placement:
  Position: 415.99185, 1098.6984, -152.04282
  Rotation: 0.45215067, -0.306312, 4.620367
