MutagenObjectType: PlacedObject
FormKey: 003466:SexLab-Parasites.esp
FormVersion: 43
Base: 0224FA:skyrim.esm
Placement:
  Position: 180.4995, -561.4642, 811.8146
  Rotation: -2.1277316, 0.049706288, 1.4606555
