MutagenObjectType: PlacedObject
FormKey: 003470:SexLab-Parasites.esp
FormVersion: 43
Base: 04DA05:skyrim.esm
Placement:
  Position: 769.03186, 2136.6082, -48.649326
  Rotation: -0.32615235, 0.012811914, 2.5212092
