MutagenObjectType: PlacedObject
FormKey: 003497:SexLab-Parasites.esp
FormVersion: 43
Base: 052B5C:skyrim.esm
Placement:
  Position: 275.0659, -1654.5598, 493.33246
  Rotation: 0, -0, 3.2000022
