MutagenObjectType: PlacedObject
FormKey: 00342B:SexLab-Parasites.esp
FormVersion: 43
Base: 0224FC:skyrim.esm
Placement:
  Position: -495.92303, 850.32935, 397.9905
  Rotation: -2.5999944, -0, 0
