MutagenObjectType: PlacedObject
FormKey: 00345E:SexLab-Parasites.esp
MajorRecordFlagsRaw: 512
FormVersion: 43
SkyrimMajorRecordFlags:
- 0x200
Base: 03A1EF:skyrim.esm
Scale: 0.75
Placement:
  Position: 677.79047, 1352.2, 464.00626
  Rotation: 0.069745645, -0.3620675, 4.7765274
