MutagenObjectType: PlacedObject
FormKey: 003417:SexLab-Parasites.esp
FormVersion: 43
Base: 0B8A6C:skyrim.esm
Placement:
  Position: 109.03839, -862.44366, 141.90733
  Rotation: 0.25643185, -0.29600832, 4.8339396
