MutagenObjectType: PlacedObject
FormKey: 003484:SexLab-Parasites.esp
FormVersion: 43
Base: 00000F:skyrim.esm
Placement:
  Position: 754.03735, 158.17534, 7.1485147
  Rotation: -0.0030084548, -0.0046817777, 6.254034
