MutagenObjectType: PlacedObject
FormKey: 003433:SexLab-Parasites.esp
FormVersion: 43
Base: 022505:skyrim.esm
Placement:
  Position: 895.4843, 2311.6687, 33.590427
  Rotation: -1.402029, 0.47614172, 0.95883954
