MutagenObjectType: PlacedObject
FormKey: 003418:SexLab-Parasites.esp
FormVersion: 43
Base: 0AAE90:skyrim.esm
Placement:
  Position: 145.56688, 190.35727, -146.40213
  Rotation: 0.10000057, -0, 2.775
