MutagenObjectType: PlacedObject
FormKey: 003452:SexLab-Parasites.esp
FormVersion: 43
Base: 064B3E:skyrim.esm
RagdollData: 0x0000000000000000000000000000000072FFC2BDA68D523DC6DE92BF00006600808147C0A09F8FC158361DC25DF6F63D68060CBFA59E22BF00000C00409BF0C1004ADBBF4CC41DC2979199BE4E46853E94E0094000001000C0A10EC100691EC0F6240FC29E6423405EC1D6BC0E970240
Placement:
  Position: 761.076, 263.19687, -75.615234
  Rotation: 0, -0, 1.7331992
