MutagenObjectType: PlacedObject
FormKey: 003486:SexLab-Parasites.esp
FormVersion: 43
Base: 035F50:skyrim.esm
Placement:
  Position: 904.9328, 608.4355, -128.56741
  Rotation: 0, -0, 1.7582085
