MutagenObjectType: PlacedObject
FormKey: 003477:SexLab-Parasites.esp
FormVersion: 43
Base: 04DA08:skyrim.esm
Placement:
  Position: 507.081, 201.43616, -149.04066
  Rotation: 0.1689494, 0.107550405, 2.6091166
