MutagenObjectType: PlacedObject
FormKey: 00347D:SexLab-Parasites.esp
FormVersion: 43
Base: 0BB94D:skyrim.esm
Placement:
  Position: 583.16583, 1451.017, -122.62618
  Rotation: 0, -0, 3.4033923
