MutagenObjectType: PlacedObject
FormKey: 003478:SexLab-Parasites.esp
FormVersion: 43
Base: 04DA0C:skyrim.esm
Placement:
  Position: 806.2377, 442.27533, -135.35402
  Rotation: 0.09688156, 0.17524646, 1.6085184
