MutagenObjectType: PlacedObject
FormKey: 0044F9:SexLab-Parasites.esp
FormVersion: 43
Base: 003F8F:SexLab-Parasites.esp
Scale: 2.2
Placement:
  Position: 146.89554, 1933.4227, -191.18964
  Rotation: 0.4410266, -0.059773143, 5.9291267
