MutagenObjectType: PlacedObject
FormKey: 005557:SexLab-Parasites.esp
FormVersion: 43
Base: 003F94:SexLab-Parasites.esp
Placement:
  Position: 1233.2568, 942.52814, -82.860825
  Rotation: 0, -0, 3.9831905
