MutagenObjectType: PlacedObject
FormKey: 005556:SexLab-Parasites.esp
FormVersion: 43
Base: 0F5B9A:skyrim.esm
Placement:
  Position: 1232.8341, 1133.9697, -145.47072
  Rotation: 0, -0, 1.6000084
