MutagenObjectType: PlacedObject
FormKey: 00602C:SexLab-Parasites.esp
FormVersion: 43
Base: 04C3C8:skyrim.esm
Placement:
  Position: 1209.9492, 1148.9836, -64.25
  Rotation: -1.6408784, 1.140667, 3.077876
