MutagenObjectType: PlacedObject
FormKey: 28AF2F:SexLab-Parasites.esp
MajorRecordFlagsRaw: 512
FormVersion: 43
SkyrimMajorRecordFlags:
- 0x200
Base: 03A1FC:skyrim.esm
Scale: 1.54
Placement:
  Position: -548.292, 852.416, 180.24327
  Rotation: -0.152444, 0.04189986, 4.4930434
