MutagenObjectType: PlacedObject
FormKey: 28AF30:SexLab-Parasites.esp
MajorRecordFlagsRaw: 512
FormVersion: 43
SkyrimMajorRecordFlags:
- 0x200
Base: 03A1FC:skyrim.esm
Scale: 1.55
Placement:
  Position: -670.2557, 701.3397, 172.4158
  Rotation: 0.105737396, -0.1389353, 5.645176
