MutagenObjectType: PlacedObject
FormKey: 29003A:SexLab-Parasites.esp
FormVersion: 43
Base: 088238:skyrim.esm
Radius: -66.80794
LightData:
  FadeOffset: 1.3810582
  ShadowDepthBias: 1
Placement:
  Position: 813.95715, 1167.1481, 21.782478
