MutagenObjectType: PlacedObject
FormKey: 684FDC:SexLab-Parasites.esp
MajorRecordFlagsRaw: 512
FormVersion: 43
SkyrimMajorRecordFlags:
- 0x200
Base: 03A1FC:skyrim.esm
Scale: 1.55
Placement:
  Position: -576.668, 824.69946, 172.4158
  Rotation: 0.105737396, -0.1389353, 3.7451808
