MutagenObjectType: PlacedObject
FormKey: 8B6FF2:SexLab-Parasites.esp
FormVersion: 43
Base: 0F13C4:skyrim.esm
Placement:
  Position: -227.75826, 2406.37, 125.37001
  Rotation: -1.8800209, -0.7237813, 1.8772684
