MutagenObjectType: PlacedObject
FormKey: 6993F6:SexLab-Parasites.esp
FormVersion: 43
Base: 05B8F6:skyrim.esm
Placement:
  Position: 15591.13, 20660.234, 1967.3965
  Rotation: 1.5411072, 0.12182551, 6.176692
