MutagenObjectType: PlacedObject
FormKey: 6993F7:SexLab-Parasites.esp
FormVersion: 43
Base: 0747FB:skyrim.esm
Placement:
  Position: 15645.464, 20600.99, 1964.7362
  Rotation: 0.009320699, 0.1670358, 6.275849
