MutagenObjectType: PlacedObject
FormKey: 6993F3:SexLab-Parasites.esp
FormVersion: 43
Base: 0CE0CD:skyrim.esm
Scale: 0.78
Placement:
  Position: 15658.432, 20684.508, 1927.0623
  Rotation: 0.20490125, -0.043718517, 2.1275456
