MutagenObjectType: PlacedObject
FormKey: 684FB3:SexLab-Parasites.esp
MajorRecordFlagsRaw: 1024
FormVersion: 43
SkyrimMajorRecordFlags:
- 0x400
Base: 0B9E1F:skyrim.esm
Placement:
  Position: -3763.8015, 2421.8855, -1540.9294
  Rotation: 2.6168568, 0.93709666, 0.046684086
