MutagenObjectType: PlacedObject
FormKey: 684FB4:SexLab-Parasites.esp
MajorRecordFlagsRaw: 1024
FormVersion: 43
SkyrimMajorRecordFlags:
- 0x400
Base: 0B9E1F:skyrim.esm
Placement:
  Position: -3815.481, 2423.144, -1540.9294
  Rotation: 2.6168568, 0.93709666, 0.046684086
