MutagenObjectType: PlacedObject
FormKey: 4D18E9:SexLab-Parasites.esp
FormVersion: 43
Base: 0EC19B:skyrim.esm
Placement:
  Position: 1056.502, 10237.403, 3192.3352
  Rotation: 3.1415927, -8.742278E-08, 6.1415954
