MutagenObjectType: PlacedObject
FormKey: 4DBAF4:SexLab-Parasites.esp
FormVersion: 43
Base: 03103F:skyrim.esm
EnableParent:
  Reference: 4DBAF1:SexLab-Parasites.esp
  Unknown: 0x000000
Placement:
  Position: 982.36993, 10260.066, 3071.5566
  Rotation: -0.33136475, 0.9821279, 6.088648
