MutagenObjectType: PlacedObject
FormKey: 0261CE:SexLab-Parasites.esp
FormVersion: 43
Base: 01C296:skyrim.esm
Placement:
  Position: 648.00854, 1025.1094, -45.41333
  Rotation: 0, -0, 3.9123979
