MutagenObjectType: PlacedObject
FormKey: 026190:SexLab-Parasites.esp
FormVersion: 43
Base: 0B8A59:skyrim.esm
Scale: 1.11
Placement:
  Position: 433.54834, 2219.0737, -38.026947
  Rotation: 0.18243946, -0.12247754, 5.8431377
