MutagenObjectType: PlacedObject
FormKey: 02619A:SexLab-Parasites.esp
FormVersion: 43
Base: 01C291:skyrim.esm
Placement:
  Position: 149.05493, 1368.051, 52.91028
  Rotation: -1.4444E-07, -0.1999921, 4.71239
