MutagenObjectType: PlacedObject
FormKey: 0261C5:SexLab-Parasites.esp
FormVersion: 43
Base: 01C291:skyrim.esm
Placement:
  Position: 459.08447, 1565.468, -45.41333
  Rotation: 0, -0, 3.9123979
