MutagenObjectType: PlacedObject
FormKey: 026191:SexLab-Parasites.esp
FormVersion: 43
Base: 01C293:skyrim.esm
Placement:
  Position: 1057.4321, 1230.116, -73.76648
  Rotation: 0, -0, 3.9123979
