MutagenObjectType: PlacedObject
FormKey: 0261F8:SexLab-Parasites.esp
FormVersion: 43
Base: 02C68A:skyrim.esm
Scale: 1.18
Placement:
  Position: 576.35596, 807.1593, 571.87616
  Rotation: 0, -0, 4.71239
