MutagenObjectType: PlacedObject
FormKey: 0261C8:SexLab-Parasites.esp
FormVersion: 43
Base: 01C294:skyrim.esm
Placement:
  Position: 999.4419, 1754.3934, -45.41333
  Rotation: 0, -0, 3.9123979
