MutagenObjectType: PlacedObject
FormKey: 0261D4:SexLab-Parasites.esp
FormVersion: 43
Base: 022504:skyrim.esm
Placement:
  Position: 558.7556, 2951.936, -51.484802
  Rotation: 0, -0, 4.412392
