MutagenObjectType: PlacedObject
FormKey: 026193:SexLab-Parasites.esp
FormVersion: 43
Base: 01C294:skyrim.esm
Placement:
  Position: 554.51636, 2219.942, -58.9776
  Rotation: 0.1999995, -0.19999222, 4.71239
