MutagenObjectType: PlacedObject
FormKey: 0261B6:SexLab-Parasites.esp
FormVersion: 43
Base: 01C4B5:skyrim.esm
Placement:
  Position: 932.4033, 2172.497, -92.80609
  Rotation: 0.140386, -0.13491811, 3.942353
