MutagenObjectType: PlacedObject
FormKey: 026197:SexLab-Parasites.esp
FormVersion: 43
Base: 0224FA:skyrim.esm
Placement:
  Position: 406.9983, 1081.477, -78.221375
  Rotation: 0.1895223, 0.06427082, 2.818505
