MutagenObjectType: PlacedObject
FormKey: 0261D2:SexLab-Parasites.esp
FormVersion: 43
Base: 022507:skyrim.esm
Placement:
  Position: 292.45166, 2670.5098, -133.03223
  Rotation: 0, -0, 0.82920444
