MutagenObjectType: PlacedObject
FormKey: 0261A7:SexLab-Parasites.esp
FormVersion: 43
Base: 01C292:skyrim.esm
Placement:
  Position: -352.74036, 1624.0513, 154.62463
  Rotation: -1.4444E-07, -0.1999921, 4.71239
