MutagenObjectType: PlacedObject
FormKey: 026174:SexLab-Parasites.esp
FormVersion: 43
Base: 019898:skyrim.esm
Placement:
  Position: 591.13226, 2245.5361, 20.357521
