MutagenObjectType: PlacedObject
FormKey: 0261F4:SexLab-Parasites.esp
FormVersion: 43
Base: 0B8A59:skyrim.esm
Scale: 1.11
Placement:
  Position: 215.9043, 1881.7938, 32.418762
  Rotation: -1.2923597E-07, -0.19999962, 5.31239
