MutagenObjectType: PlacedObject
FormKey: 026199:SexLab-Parasites.esp
FormVersion: 43
Base: 022506:skyrim.esm
Placement:
  Position: 352.44995, 1224.8413, -108.23724
  Rotation: 0, -0, 1.8123955
