MutagenObjectType: PlacedObject
FormKey: 0261C6:SexLab-Parasites.esp
FormVersion: 43
Base: 01C291:skyrim.esm
Placement:
  Position: 642.7256, 1387.1101, -45.41333
  Rotation: 0, -0, 3.9123979
