MutagenObjectType: PlacedObject
FormKey: 0261E9:SexLab-Parasites.esp
FormVersion: 43
Base: 01CD6F:skyrim.esm
Scale: 0.85
Placement:
  Position: 151.46265, 1575.524, 18.284485
  Rotation: 0, -0, 4.197799
