MutagenObjectType: PlacedObject
FormKey: 0261EF:SexLab-Parasites.esp
FormVersion: 43
Base: 0B8A59:skyrim.esm
Placement:
  Position: 762.4506, 981.048, -73.9317
  Rotation: -0.35275614, -0.08141094, 2.532442
