MutagenObjectType: PlacedObject
FormKey: 0261F6:SexLab-Parasites.esp
FormVersion: 43
Base: 0B8A59:skyrim.esm
Scale: 1.11
Placement:
  Position: -87.67029, 1874.4735, 95.53546
  Rotation: -1.2923597E-07, -0.19999962, 4.712391
