MutagenObjectType: PlacedObject
FormKey: 0261F5:SexLab-Parasites.esp
FormVersion: 43
Base: 0B8A59:skyrim.esm
Scale: 1.11
Placement:
  Position: 297.68286, 2121.1206, 3.2930603
  Rotation: -1.2923597E-07, -0.19999962, 3.5123928
