MutagenObjectType: PlacedObject
FormKey: 0261B7:SexLab-Parasites.esp
FormVersion: 43
Base: 01C296:skyrim.esm
Placement:
  Position: 888.85815, 1088.1428, -73.41766
  Rotation: -0.0038815977, 0.0040379004, 3.9664564
