MutagenObjectType: PlacedObject
FormKey: 026189:SexLab-Parasites.esp
FormVersion: 43
Base: 02F5B2:skyrim.esm
Scale: 2.36
Placement:
  Position: 1322.6305, 1542.8451, 492.91632
  Rotation: 0, -0, 0.32920575
