MutagenObjectType: PlacedObject
FormKey: 0261C7:SexLab-Parasites.esp
FormVersion: 43
Base: 01C295:skyrim.esm
Placement:
  Position: 275.44165, 1743.8265, -45.41333
  Rotation: 0, -0, 3.9123979
