MutagenObjectType: PlacedObject
FormKey: 0261B8:SexLab-Parasites.esp
FormVersion: 43
Base: 01C297:skyrim.esm
Placement:
  Position: 1076.877, 1261.8749, -71.98407
  Rotation: -0.0038815977, 0.0040379004, 3.9664564
