MutagenObjectType: PlacedObject
FormKey: 0261BC:SexLab-Parasites.esp
FormVersion: 43
Base: 01C297:skyrim.esm
Placement:
  Position: 650.84985, 1112.0508, -48.80429
  Rotation: -1.4444E-07, -0.1999921, 4.71239
