MutagenObjectType: PlacedObject
FormKey: 026184:SexLab-Parasites.esp
FormVersion: 43
Base: 02EDEC:skyrim.esm
Radius: 1838.0303
Emittance: 075492:skyrim.esm
LightData:
  FovOffset: -40.36
  FadeOffset: -3
  ShadowDepthBias: 37.714005
  Unknown: 1936156416
Placement:
  Position: -226.63863, 1092.4025, 1242.6987
  Rotation: 1.5707964, 0.99999917, 4.9123898
