MutagenObjectType: PlacedObject
FormKey: 0261BB:SexLab-Parasites.esp
FormVersion: 43
Base: 01C296:skyrim.esm
Placement:
  Position: -352.74072, 1112.0513, 154.62463
  Rotation: -1.4444E-07, -0.1999921, 4.71239
