MutagenObjectType: PlacedObject
FormKey: 0261A4:SexLab-Parasites.esp
FormVersion: 43
Base: 01C295:skyrim.esm
Placement:
  Position: -101.8418, 2136.0513, 103.76776
  Rotation: -1.4444E-07, -0.1999921, 4.71239
