MutagenObjectType: PlacedObject
FormKey: 026198:SexLab-Parasites.esp
FormVersion: 43
Base: 022507:skyrim.esm
Placement:
  Position: 271.91064, 1059.771, -94.77515
  Rotation: 0, -0, 6.095584
