MutagenObjectType: PlacedObject
FormKey: 0261A6:SexLab-Parasites.esp
FormVersion: 43
Base: 01C291:skyrim.esm
Placement:
  Position: -101.84216, 1880.051, 103.76776
  Rotation: -1.4444E-07, -0.1999921, 4.71239
