MutagenObjectType: PlacedObject
FormKey: 02619C:SexLab-Parasites.esp
FormVersion: 43
Base: 01C295:skyrim.esm
Placement:
  Position: 149.05542, 2136.0508, 52.91028
  Rotation: -1.4444E-07, -0.1999921, 4.71239
