MutagenObjectType: PlacedObject
FormKey: 026178:SexLab-Parasites.esp
FormVersion: 43
Base: 0C49E9:skyrim.esm
Placement:
  Position: 2013.0089, 1773.6537, 28.67907
  Rotation: -0.55286664, -1.3345128, 5.288731
