MutagenObjectType: PlacedObject
FormKey: 0261C2:SexLab-Parasites.esp
FormVersion: 43
Base: 01C293:skyrim.esm
Placement:
  Position: 1004.7256, 1392.393, -45.41333
  Rotation: 0, -0, 3.9123979
