MutagenObjectType: PlacedObject
FormKey: 026194:SexLab-Parasites.esp
FormVersion: 43
Base: 01C291:skyrim.esm
Placement:
  Position: 303.61914, 2230.046, -9.134155
  Rotation: 0.1999995, -0.19999222, 4.71239
