MutagenObjectType: PlacedObject
FormKey: 0261B0:SexLab-Parasites.esp
FormVersion: 43
Base: 01C297:skyrim.esm
Placement:
  Position: 509.6765, 2120.6885, -90.826904
  Rotation: 0.19280545, 0.025001127, 3.0542736
