MutagenObjectType: PlacedObject
FormKey: 026195:SexLab-Parasites.esp
FormVersion: 43
Base: 01C4B5:skyrim.esm
Placement:
  Position: 554.51636, 2470.8394, -109.836914
  Rotation: 0.1999995, -0.19999222, 4.71239
