MutagenObjectType: PlacedObject
FormKey: 0261D0:SexLab-Parasites.esp
FormVersion: 43
Base: 022507:skyrim.esm
Placement:
  Position: 202.64038, 2286.0254, 552.2109
  Rotation: -2.9127164, 0.16270073, 0.8387003
