MutagenObjectType: PlacedObject
FormKey: 0261F0:SexLab-Parasites.esp
FormVersion: 43
Base: 0B8A59:skyrim.esm
Placement:
  Position: 327.91504, 744.5542, -49.373993
  Rotation: 0.46571192, -0.4591836, 2.6396255
