MutagenObjectType: PlacedObject
FormKey: 0261B3:SexLab-Parasites.esp
FormVersion: 43
Base: 01C296:skyrim.esm
Placement:
  Position: 926.8926, 1814.1674, -41.413055
  Rotation: 0.140386, -0.13491811, 3.942353
