MutagenObjectType: PlacedObject
FormKey: 026192:SexLab-Parasites.esp
FormVersion: 43
Base: 01C297:skyrim.esm
Placement:
  Position: 1235.7908, 1413.757, -73.76648
  Rotation: 0, -0, 3.9123979
