MutagenObjectType: PlacedObject
FormKey: 0261A9:SexLab-Parasites.esp
FormVersion: 43
Base: 01C291:skyrim.esm
Placement:
  Position: 399.95288, 1624.0508, 2.052948
  Rotation: -1.4444E-07, -0.1999921, 4.71239
