MutagenObjectType: PlacedObject
FormKey: 0261C4:SexLab-Parasites.esp
FormVersion: 43
Base: 01C292:skyrim.esm
Placement:
  Position: 280.72534, 1381.8259, -45.41333
  Rotation: 0, -0, 3.9123979
