MutagenObjectType: PlacedObject
FormKey: 02618C:SexLab-Parasites.esp
FormVersion: 43
Base: 0B8A59:skyrim.esm
Scale: 1.11
Placement:
  Position: 46.61853, 1632.7766, 59.382538
  Rotation: -1.2923597E-07, -0.19999962, 4.712391
