MutagenObjectType: PlacedObject
FormKey: 0261AA:SexLab-Parasites.esp
FormVersion: 43
Base: 01C295:skyrim.esm
Placement:
  Position: 399.95337, 2136.0508, 2.052948
  Rotation: -1.4444E-07, -0.1999921, 4.71239
