MutagenObjectType: PlacedObject
FormKey: 0261BE:SexLab-Parasites.esp
FormVersion: 43
Base: 01C4B5:skyrim.esm
Placement:
  Position: 650.8506, 2136.0505, -48.80429
  Rotation: -1.4444E-07, -0.1999921, 4.71239
