MutagenObjectType: PlacedObject
FormKey: 026196:SexLab-Parasites.esp
FormVersion: 43
Base: 01C295:skyrim.esm
Placement:
  Position: 303.6194, 2480.943, -59.99341
  Rotation: 0.1999995, -0.19999222, 4.71239
