MutagenObjectType: PlacedObject
FormKey: 0261BD:SexLab-Parasites.esp
FormVersion: 43
Base: 01C4B6:skyrim.esm
Placement:
  Position: -352.74, 2136.0513, 154.62463
  Rotation: -1.4444E-07, -0.1999921, 4.71239
