MutagenObjectType: PlacedObject
FormKey: 0261AB:SexLab-Parasites.esp
FormVersion: 43
Base: 01C293:skyrim.esm
Placement:
  Position: 399.95264, 1112.0509, 2.052948
  Rotation: -1.4444E-07, -0.1999921, 4.71239
