MutagenObjectType: PlacedObject
FormKey: 0261CF:SexLab-Parasites.esp
FormVersion: 43
Base: 022507:skyrim.esm
Placement:
  Position: 299.10474, 2705.1729, 643.79877
  Rotation: 2.9052553, -0.02507995, 5.889173
