MutagenObjectType: PlacedObject
FormKey: 02619F:SexLab-Parasites.esp
FormVersion: 43
Base: 01C291:skyrim.esm
Placement:
  Position: -101.84253, 1368.0511, 103.76776
  Rotation: -1.4444E-07, -0.1999921, 4.71239
