MutagenObjectType: PlacedObject
FormKey: 0261C9:SexLab-Parasites.esp
FormVersion: 43
Base: 01C293:skyrim.esm
Placement:
  Position: 826.3667, 1208.7504, -45.41333
  Rotation: 0, -0, 3.9123979
