MutagenObjectType: PlacedObject
FormKey: 02622C:SexLab-Parasites.esp
FormVersion: 43
Base: 01540E:skyrim.esm
Placement:
  Position: 587.40283, 1872.8774, -43.19171
  Rotation: 0, -0.12499958, 0
