MutagenObjectType: PlacedObject
FormKey: 026216:SexLab-Parasites.esp
FormVersion: 43
Base: 01C291:skyrim.esm
Placement:
  Position: 1044.2168, 2805.0913, -12.620651
  Rotation: -0.10243728, 0.09649231, 6.253343
