MutagenObjectType: PlacedObject
FormKey: 0262AD:SexLab-Parasites.esp
MajorRecordFlagsRaw: 512
FormVersion: 43
SkyrimMajorRecordFlags:
- 0x200
Base: 03A1FA:skyrim.esm
Placement:
  Position: -241.86671, 1509.0029, 454.5441
  Rotation: -0.11563271, -0.74275243, 0.17008081
