MutagenObjectType: PlacedObject
FormKey: 026214:SexLab-Parasites.esp
FormVersion: 43
Base: 01C291:skyrim.esm
Placement:
  Position: 1306.5155, 2555.5488, -12.750464
  Rotation: -0.10243728, 0.09649231, 6.253343
