MutagenObjectType: PlacedObject
FormKey: 026296:SexLab-Parasites.esp
MajorRecordFlagsRaw: 512
FormVersion: 43
SkyrimMajorRecordFlags:
- 0x200
Base: 03A1FA:skyrim.esm
Scale: 1.19
Placement:
  Position: 232.13242, 2006.1151, 239.117
  Rotation: -0.0025085611, -0.09996813, 0.20013617
