MutagenObjectType: PlacedObject
FormKey: 0262A5:SexLab-Parasites.esp
MajorRecordFlagsRaw: 512
FormVersion: 43
SkyrimMajorRecordFlags:
- 0x200
Base: 03A1F9:skyrim.esm
Scale: 0.56
Placement:
  Position: 141.77101, 1320.869, 554.84094
  Rotation: 3.0081933, 0.0750004, 0
