MutagenObjectType: PlacedObject
FormKey: 026242:SexLab-Parasites.esp
FormVersion: 43
Base: 01540E:skyrim.esm
Placement:
  Position: 1170.2495, -612.24414, -31.605518
  Rotation: 0, 0.22500043, 0
