MutagenObjectType: PlacedObject
FormKey: 026206:SexLab-Parasites.esp
FormVersion: 43
Base: 02BCAB:skyrim.esm
Scale: 1.02
Placement:
  Position: 1591.1887, 1740.0066, 346.55444
  Rotation: 0, -0, 1.5707964
