MutagenObjectType: PlacedObject
FormKey: 026213:SexLab-Parasites.esp
FormVersion: 43
Base: 01C292:skyrim.esm
Placement:
  Position: 1291.3096, 3064.789, 38.11836
  Rotation: -0.10243728, 0.09649231, 6.253343
