MutagenObjectType: PlacedObject
FormKey: 02621B:SexLab-Parasites.esp
FormVersion: 43
Base: 022507:skyrim.esm
Placement:
  Position: 778.80707, 2995.559, 396.7333
  Rotation: -0.797089, -0.14227247, 6.2517295
