MutagenObjectType: PlacedObject
FormKey: 0262D8:SexLab-Parasites.esp
MajorRecordFlagsRaw: 512
FormVersion: 43
SkyrimMajorRecordFlags:
- 0x200
Base: 03A1FA:skyrim.esm
Placement:
  Position: 1941.0707, 1740.2745, -39.107018
  Rotation: -0.17499787, 0.00073192647, 1.4999362
