MutagenObjectType: PlacedObject
FormKey: 0262C7:SexLab-Parasites.esp
MajorRecordFlagsRaw: 512
FormVersion: 43
SkyrimMajorRecordFlags:
- 0x200
Base: 03A1EF:skyrim.esm
Placement:
  Position: 964.4451, 2874.996, 492.54492
  Rotation: 0.23075211, 0.360152, 5.300377
