MutagenObjectType: PlacedObject
FormKey: 02627B:SexLab-Parasites.esp
FormVersion: 43
Base: 0224FC:skyrim.esm
Placement:
  Position: 493.9645, 1132.7543, 544.5648
  Rotation: 3.1415927, -0.06659835, 3.1415927
