MutagenObjectType: PlacedObject
FormKey: 026237:SexLab-Parasites.esp
FormVersion: 43
Base: 0224E6:skyrim.esm
Scale: 0.43
Placement:
  Position: -95.17098, 1315.7163, 685.1118
  Rotation: -1.6499963, -0, 0
