MutagenObjectType: PlacedObject
FormKey: 026217:SexLab-Parasites.esp
FormVersion: 43
Base: 01C291:skyrim.esm
Placement:
  Position: 1298.9126, 2810.1687, 12.683941
  Rotation: -0.10243728, 0.09649231, 6.253343
