MutagenObjectType: PlacedObject
FormKey: 026288:SexLab-Parasites.esp
FormVersion: 43
Base: 022504:skyrim.esm
Placement:
  Position: 1498.0178, 2883.5874, 491.24106
  Rotation: -2.3117144, 0.3323894, 4.381242
