MutagenObjectType: PlacedObject
FormKey: 026280:SexLab-Parasites.esp
FormVersion: 43
Base: 022504:skyrim.esm
Scale: 0.65
Placement:
  Position: 112.41656, 1585.6447, 635.16754
  Rotation: 2.763036, 0.38230658, 1.1942911
