MutagenObjectType: PlacedObject
FormKey: 026279:SexLab-Parasites.esp
FormVersion: 43
Base: 015410:skyrim.esm
Scale: 0.66
Placement:
  Position: 484.97693, 2189.5657, -36.904007
  Rotation: 0.10078167, -0.1243718, 1.7874562
