MutagenObjectType: PlacedObject
FormKey: 0262EB:SexLab-Parasites.esp
FormVersion: 43
Base: 0224FD:skyrim.esm
Placement:
  Position: 763.32837, -373.96494, 315.95496
  Rotation: -2.0465052, -1.1461245, 2.0853786
