MutagenObjectType: PlacedObject
FormKey: 0262E2:SexLab-Parasites.esp
MajorRecordFlagsRaw: 512
FormVersion: 43
SkyrimMajorRecordFlags:
- 0x200
Base: 03A1EF:skyrim.esm
Placement:
  Position: 1088.9404, 263.9261, 470.8764
  Rotation: 0.11459798, -0.33144137, 4.514005
