MutagenObjectType: PlacedObject
FormKey: 026227:SexLab-Parasites.esp
FormVersion: 43
Base: 0B8A59:skyrim.esm
Placement:
  Position: 1156.2026, 2884.9976, -5.101466
  Rotation: -0.10411829, 0.17107074, 1.2034739
