MutagenObjectType: PlacedObject
FormKey: 026283:SexLab-Parasites.esp
FormVersion: 43
Base: 022506:skyrim.esm
Placement:
  Position: 1133.0742, 1789.3755, 616.17395
  Rotation: 2.5357077, 0.13055597, 3.0516422
