MutagenObjectType: PlacedObject
FormKey: 026229:SexLab-Parasites.esp
FormVersion: 43
Base: 0B8A59:skyrim.esm
Placement:
  Position: 907.57635, 2749.2766, -36.183388
  Rotation: -0.10411829, 0.17107074, 0.3034767
