MutagenObjectType: PlacedObject
FormKey: 026292:SexLab-Parasites.esp
MajorRecordFlagsRaw: 512
FormVersion: 43
SkyrimMajorRecordFlags:
- 0x200
Base: 03A1F9:skyrim.esm
Placement:
  Position: 1168.5974, 2766.8113, 542.20294
  Rotation: -2.5823004, 0.03231315, 1.1261005
