MutagenObjectType: PlacedObject
FormKey: 026238:SexLab-Parasites.esp
FormVersion: 43
Base: 0224E6:skyrim.esm
Scale: 0.43
Placement:
  Position: -173.74345, 1340.1929, 731.8213
  Rotation: -1.5895141, 0.14611311, 3.2163796
