MutagenObjectType: PlacedObject
FormKey: 02622E:SexLab-Parasites.esp
FormVersion: 43
Base: 0224FC:skyrim.esm
Placement:
  Position: 572.53906, 2289.6577, -80.5812
  Rotation: 0, -0, 5.7081866
