MutagenObjectType: PlacedObject
FormKey: 026212:SexLab-Parasites.esp
FormVersion: 43
Base: 01C294:skyrim.esm
Placement:
  Position: 1314.1184, 2300.929, -38.184834
  Rotation: -0.10243728, 0.09649231, 6.253343
