MutagenObjectType: PlacedObject
FormKey: 026291:SexLab-Parasites.esp
MajorRecordFlagsRaw: 512
FormVersion: 43
SkyrimMajorRecordFlags:
- 0x200
Base: 03A1EF:skyrim.esm
Placement:
  Position: 1240.2059, 2336.0984, 637.69
  Rotation: -0.22674404, -0.23487082, 2.3518662
