MutagenObjectType: PlacedObject
FormKey: 02621F:SexLab-Parasites.esp
FormVersion: 43
Base: 022505:skyrim.esm
Placement:
  Position: 1597.4095, 1505.0477, 297.03815
  Rotation: 0, 1.5000043, 5.583186
