MutagenObjectType: PlacedObject
FormKey: 026233:SexLab-Parasites.esp
FormVersion: 43
Base: 0224E4:skyrim.esm
Scale: 1.14
Placement:
  Position: -128.46634, 1314.7461, 604.5012
  Rotation: -1.8999964, 0.82500035, 0
