MutagenObjectType: PlacedObject
FormKey: 0262A7:SexLab-Parasites.esp
MajorRecordFlagsRaw: 512
FormVersion: 43
SkyrimMajorRecordFlags:
- 0x200
Base: 03A1EF:skyrim.esm
Scale: 0.77
Placement:
  Position: 190.65886, 1331.4102, 588.4632
  Rotation: -0.39023548, -0.09018957, 2.9260287
