MutagenObjectType: PlacedObject
FormKey: 02623D:SexLab-Parasites.esp
FormVersion: 43
Base: 022504:skyrim.esm
Placement:
  Position: 429.69785, 2206.9612, 701.7723
  Rotation: 3.1204019, -0.14031921, 1.9427322
