MutagenObjectType: PlacedObject
FormKey: 0262C3:SexLab-Parasites.esp
MajorRecordFlagsRaw: 512
FormVersion: 43
SkyrimMajorRecordFlags:
- 0x200
Base: 03A1EF:skyrim.esm
Placement:
  Position: 428.28058, 684.9024, 542.6054
  Rotation: -0.27756226, 0.11533632, 0.38387245
