MutagenObjectType: PlacedObject
FormKey: 0262AA:SexLab-Parasites.esp
MajorRecordFlagsRaw: 512
FormVersion: 43
SkyrimMajorRecordFlags:
- 0x200
Base: 03A1EC:skyrim.esm
Scale: 0.59
Placement:
  Position: 156.95726, 1224.4902, 517.85547
  Rotation: 2.4000022, 0.07500016, 0
