MutagenObjectType: PlacedObject
FormKey: 026230:SexLab-Parasites.esp
FormVersion: 43
Base: 0224ED:skyrim.esm
Placement:
  Position: -292.75238, 1170.863, 580.91174
  Rotation: 2.2000022, -0, 0
