MutagenObjectType: PlacedObject
FormKey: 0262A9:SexLab-Parasites.esp
MajorRecordFlagsRaw: 512
FormVersion: 43
SkyrimMajorRecordFlags:
- 0x200
Base: 03A1EF:skyrim.esm
Scale: 0.83
Placement:
  Position: 84.44606, 1277.2697, 565.2568
  Rotation: -0.14960696, 0.091130175, 0.5431669
