MutagenObjectType: PlacedObject
FormKey: 026239:SexLab-Parasites.esp
FormVersion: 43
Base: 0224E7:skyrim.esm
Scale: 0.29
Placement:
  Position: -55.779366, 1160.5099, 740.06836
  Rotation: -2.639362, 1.2558084, 0.28521672
