MutagenObjectType: PlacedObject
FormKey: 02620F:SexLab-Parasites.esp
FormVersion: 43
Base: 01C292:skyrim.esm
Placement:
  Position: 1036.614, 3059.711, 12.813804
  Rotation: -0.10243728, 0.09649231, 6.253343
