MutagenObjectType: PlacedObject
FormKey: 026243:SexLab-Parasites.esp
FormVersion: 43
Base: 01540E:skyrim.esm
Placement:
  Position: 1186.6823, -713.7671, -17.440697
  Rotation: -0.15160081, 0.249681, 6.2704244
