MutagenObjectType: PlacedObject
FormKey: 026284:SexLab-Parasites.esp
FormVersion: 43
Base: 0224FA:skyrim.esm
Scale: 1.23
Placement:
  Position: 1197.0309, 1491.4847, 677.3664
  Rotation: -2.6709518, -0.28581154, 3.4815311
