MutagenObjectType: PlacedObject
FormKey: 02624B:SexLab-Parasites.esp
FormVersion: 43
Base: 015410:skyrim.esm
Scale: 0.66
Placement:
  Position: 333.3221, 2364.2314, -47.42126
  Rotation: 0.10078167, -0.1243718, 0.6624594
