MutagenObjectType: PlacedObject
FormKey: 026248:SexLab-Parasites.esp
FormVersion: 43
Base: 015410:skyrim.esm
Placement:
  Position: 153.43262, 1572.8212, 38.94896
  Rotation: 0, -0.07499975, 0
