MutagenObjectType: PlacedObject
FormKey: 026222:SexLab-Parasites.esp
FormVersion: 43
Base: 022505:skyrim.esm
Placement:
  Position: 1566.5594, 1799.3628, 480.96442
  Rotation: 2.1958148, 0.73910487, 0.25291473
