MutagenObjectType: PlacedObject
FormKey: 02620D:SexLab-Parasites.esp
FormVersion: 43
Base: 01C294:skyrim.esm
Placement:
  Position: 1059.4229, 2295.8516, -63.489452
  Rotation: -0.10243728, 0.09649231, 6.253343
