MutagenObjectType: PlacedObject
FormKey: 026295:SexLab-Parasites.esp
MajorRecordFlagsRaw: 512
FormVersion: 43
SkyrimMajorRecordFlags:
- 0x200
Base: 03A1FA:skyrim.esm
Scale: 1.31
Placement:
  Position: 227.69846, 2096.168, 239.117
  Rotation: -0.0025085611, -0.09996813, 0.025130212
