MutagenObjectType: PlacedObject
FormKey: 02628B:SexLab-Parasites.esp
MajorRecordFlagsRaw: 512
FormVersion: 43
SkyrimMajorRecordFlags:
- 0x200
Base: 03A1EB:skyrim.esm
Placement:
  Position: 1513.3751, 2744.6465, 167.50134
  Rotation: -0.033172935, 0.037418887, 5.5575647
