MutagenObjectType: PlacedObject
FormKey: 026210:SexLab-Parasites.esp
FormVersion: 43
Base: 01C296:skyrim.esm
Placement:
  Position: 781.9182, 3054.6338, -12.490871
  Rotation: -0.10243728, 0.09649231, 6.253343
