MutagenObjectType: PlacedObject
FormKey: 026293:SexLab-Parasites.esp
MajorRecordFlagsRaw: 512
FormVersion: 43
SkyrimMajorRecordFlags:
- 0x200
Base: 03A1FA:skyrim.esm
Scale: 1.13
Placement:
  Position: 1134.4163, 2986.446, 262.9504
  Rotation: -0.19997479, 0.003085333, 1.5828487
