MutagenObjectType: PlacedObject
FormKey: 026200:SexLab-Parasites.esp
FormVersion: 43
Base: 0205F1:skyrim.esm
Placement:
  Position: 997.19794, -676.7967, -78.19571
  Rotation: 0.0074530765, -0, 0
