MutagenObjectType: PlacedObject
FormKey: 026236:SexLab-Parasites.esp
FormVersion: 43
Base: 0224E7:skyrim.esm
Scale: 0.29
Placement:
  Position: -62.073822, 1219.6115, 623.289
  Rotation: -2.3451087, 1.0879409, 0.98009515
