MutagenObjectType: PlacedObject
FormKey: 02628A:SexLab-Parasites.esp
FormVersion: 43
Base: 0224FA:skyrim.esm
Scale: 1.23
Placement:
  Position: 1071.8439, 1616.4069, 667.1003
  Rotation: 2.7339044, 0.6011929, 5.652406
