MutagenObjectType: PlacedObject
FormKey: 026287:SexLab-Parasites.esp
FormVersion: 43
Base: 022504:skyrim.esm
Placement:
  Position: 1316.7533, 3054.9797, 421.55292
  Rotation: -2.1999962, -0, 0
