MutagenObjectType: PlacedObject
FormKey: 026223:SexLab-Parasites.esp
FormVersion: 43
Base: 0B8A59:skyrim.esm
Placement:
  Position: 1465.5764, 2353.1816, -32.50662
  Rotation: -0.22318079, 0.21551162, 1.9223706
