MutagenObjectType: PlacedObject
FormKey: 02629F:SexLab-Parasites.esp
MajorRecordFlagsRaw: 512
FormVersion: 43
SkyrimMajorRecordFlags:
- 0x200
Base: 03A1F9:skyrim.esm
Placement:
  Position: 266.88416, 2230.2625, 5.12976
  Rotation: 0.15119676, -0.14912827, 6.2737455
