MutagenObjectType: PlacedObject
FormKey: 02629A:SexLab-Parasites.esp
MajorRecordFlagsRaw: 512
FormVersion: 43
SkyrimMajorRecordFlags:
- 0x200
Base: 03A1F9:skyrim.esm
Scale: 0.79
Placement:
  Position: 100.72204, 1834.8785, 526.5975
  Rotation: -2.708147, -0.1591802, 3.4910305
