MutagenObjectType: PlacedObject
FormKey: 0262D4:SexLab-Parasites.esp
FormVersion: 43
Base: 0224FE:skyrim.esm
Placement:
  Position: 1484.3147, 2317.8838, 597.1482
  Rotation: 3.1415927, 0.18339889, 3.1415927
