MutagenObjectType: PlacedObject
FormKey: 02620C:SexLab-Parasites.esp
FormVersion: 43
Base: 01C4B6:skyrim.esm
Placement:
  Position: 1546.0054, 3069.8662, 63.423027
  Rotation: -0.10243728, 0.09649231, 6.253343
