MutagenObjectType: PlacedObject
FormKey: 0262B0:SexLab-Parasites.esp
MajorRecordFlagsRaw: 512
FormVersion: 43
SkyrimMajorRecordFlags:
- 0x200
Base: 03A1F9:skyrim.esm
Placement:
  Position: -170.68365, 1620.1011, 116.51329
  Rotation: 2.545391E-07, -0.19999848, 6.2831855
