MutagenObjectType: PlacedObject
FormKey: 0262B4:SexLab-Parasites.esp
MajorRecordFlagsRaw: 512
FormVersion: 43
SkyrimMajorRecordFlags:
- 0x200
Base: 03A1FA:skyrim.esm
Scale: 1.24
Placement:
  Position: 1006.5466, 1657.047, 220.12299
  Rotation: -0.011493936, 0.023226067, 2.9743989
