MutagenObjectType: PlacedObject
FormKey: 026235:SexLab-Parasites.esp
FormVersion: 43
Base: 0224EB:skyrim.esm
Placement:
  Position: -102.94709, 1094.1371, 508.33243
  Rotation: 1.3000008, -0.42499882, 0.37500006
