MutagenObjectType: PlacedObject
FormKey: 0262E3:SexLab-Parasites.esp
MajorRecordFlagsRaw: 512
FormVersion: 43
SkyrimMajorRecordFlags:
- 0x200
Base: 03A1EF:skyrim.esm
Scale: 1.21
Placement:
  Position: 1066.7483, 218.93915, 488.5663
  Rotation: 0.28237742, -0.529127, 1.5284717
