MutagenObjectType: PlacedObject
FormKey: 026228:SexLab-Parasites.esp
FormVersion: 43
Base: 0B8A59:skyrim.esm
Placement:
  Position: 1025.6162, 2863.9797, -13.45973
  Rotation: -0.10411829, 0.17107074, 6.0866623
