MutagenObjectType: PlacedObject
FormKey: 02628F:SexLab-Parasites.esp
MajorRecordFlagsRaw: 512
FormVersion: 43
SkyrimMajorRecordFlags:
- 0x200
Base: 03A1EC:skyrim.esm
Placement:
  Position: 1267.3296, 2602.0408, 561.64716
  Rotation: -3.0999937, 0.15000154, 0
