MutagenObjectType: PlacedObject
FormKey: 0262B9:SexLab-Parasites.esp
MajorRecordFlagsRaw: 512
FormVersion: 43
SkyrimMajorRecordFlags:
- 0x200
Base: 03A1EF:skyrim.esm
Placement:
  Position: 857.9444, 534.87714, 593.0877
  Rotation: 0.006682227, -0.22490177, 4.682434
