MutagenObjectType: PlacedObject
FormKey: 026224:SexLab-Parasites.esp
FormVersion: 43
Base: 0B8A59:skyrim.esm
Placement:
  Position: 1317.8727, 2329.6267, -44.735798
  Rotation: -0.19780615, 0.13331762, 5.889245
