MutagenObjectType: PlacedObject
FormKey: 0262D3:SexLab-Parasites.esp
FormVersion: 43
Base: 0224FE:skyrim.esm
Placement:
  Position: 676.50946, 2165.4426, 598.0064
  Rotation: 3.1415927, -0.19160137, 3.1415927
