MutagenObjectType: PlacedObject
FormKey: 026231:SexLab-Parasites.esp
FormVersion: 43
Base: 0224EE:skyrim.esm
Placement:
  Position: -218.5117, 1106.1741, 627.583
  Rotation: 1.4169456, -0.4776831, 0.7444802
