MutagenObjectType: PlacedObject
FormKey: 026225:SexLab-Parasites.esp
FormVersion: 43
Base: 0B8A59:skyrim.esm
Placement:
  Position: 1507.0408, 2513.5203, 4.300684
  Rotation: -0.10411829, 0.17107074, 0.12027611
