MutagenObjectType: PlacedObject
FormKey: 0262EA:SexLab-Parasites.esp
FormVersion: 43
Base: 022504:skyrim.esm
Placement:
  Position: 1302.4359, -260.23474, 369.6997
  Rotation: -2.9631088, 0.81110966, 1.659915
