MutagenObjectType: PlacedObject
FormKey: 026221:SexLab-Parasites.esp
FormVersion: 43
Base: 022504:skyrim.esm
Placement:
  Position: 1744.8685, 1979.983, 243.20876
  Rotation: 3.1415927, 1.1415886, 4.5415993
