MutagenObjectType: PlacedObject
FormKey: 0262B3:SexLab-Parasites.esp
MajorRecordFlagsRaw: 512
FormVersion: 43
SkyrimMajorRecordFlags:
- 0x200
Base: 03A1F9:skyrim.esm
Scale: 0.84
Placement:
  Position: 880.70593, 1666.0756, 524.1066
  Rotation: 2.8926642, 0.5612378, 0.7857318
