MutagenObjectType: PlacedObject
FormKey: 02620E:SexLab-Parasites.esp
FormVersion: 43
Base: 01C295:skyrim.esm
Placement:
  Position: 1561.2112, 2560.6265, 12.554157
  Rotation: -0.10243728, 0.09649231, 6.253343
