MutagenObjectType: PlacedObject
FormKey: 0262C8:SexLab-Parasites.esp
MajorRecordFlagsRaw: 512
FormVersion: 43
SkyrimMajorRecordFlags:
- 0x200
Base: 03A1EC:skyrim.esm
Placement:
  Position: 1038.6888, 2349.0652, -55.178596
  Rotation: -0.12499933, 0.0750004, 0
