MutagenObjectType: PlacedObject
FormKey: 026211:SexLab-Parasites.esp
FormVersion: 43
Base: 01C291:skyrim.esm
Placement:
  Position: 1051.8198, 2550.4714, -38.05507
  Rotation: -0.10243728, 0.09649231, 6.253343
