MutagenObjectType: PlacedObject
FormKey: 02629E:SexLab-Parasites.esp
MajorRecordFlagsRaw: 512
FormVersion: 43
SkyrimMajorRecordFlags:
- 0x200
Base: 03A1EC:skyrim.esm
Placement:
  Position: 316.81622, 1924.242, 17.35866
  Rotation: -0.02350248, -0.19949985, 6.269875
