MutagenObjectType: PlacedObject
FormKey: 026244:SexLab-Parasites.esp
FormVersion: 43
Base: 01540E:skyrim.esm
Placement:
  Position: 800.0405, -685.62317, -1.8580065
  Rotation: -0.099999525, -0.099999666, 0
