MutagenObjectType: PlacedObject
FormKey: 0262D0:SexLab-Parasites.esp
MajorRecordFlagsRaw: 512
FormVersion: 43
SkyrimMajorRecordFlags:
- 0x200
Base: 03A1EC:skyrim.esm
Placement:
  Position: 1441.8698, 2020.3218, 498.93942
  Rotation: 3.0581934, 0.5000003, 0
