MutagenObjectType: PlacedObject
FormKey: 0262B6:SexLab-Parasites.esp
MajorRecordFlagsRaw: 512
FormVersion: 43
SkyrimMajorRecordFlags:
- 0x200
Base: 03A1EC:skyrim.esm
Placement:
  Position: 1088.9587, 502.6231, 321.22226
  Rotation: -2.5629907, 1.3872067, 3.7124622
