MutagenObjectType: PlacedObject
FormKey: 0262E9:SexLab-Parasites.esp
FormVersion: 43
Base: 022504:skyrim.esm
Placement:
  Position: 1123.8167, -79.995346, 562.0593
  Rotation: 3.1415927, 0.7333981, 3.1415927
