MutagenObjectType: PlacedObject
FormKey: 0262E1:SexLab-Parasites.esp
FormVersion: 43
Base: 0224FA:skyrim.esm
Placement:
  Position: 885.7723, -75.34271, 708.57904
  Rotation: -3.1415925, -0.2665984, 4.316593
