MutagenObjectType: PlacedObject
FormKey: 0262E4:SexLab-Parasites.esp
MajorRecordFlagsRaw: 512
FormVersion: 43
SkyrimMajorRecordFlags:
- 0x200
Base: 03A1FA:skyrim.esm
Placement:
  Position: 1126.7501, 177.2378, 286.12604
  Rotation: 0.25512382, 0.38264087, 6.128396
