MutagenObjectType: PlacedObject
FormKey: 026215:SexLab-Parasites.esp
FormVersion: 43
Base: 01C293:skyrim.esm
Placement:
  Position: 789.5211, 2800.0137, -37.925262
  Rotation: -0.10243728, 0.09649231, 6.253343
