MutagenObjectType: PlacedObject
FormKey: 0262BF:SexLab-Parasites.esp
MajorRecordFlagsRaw: 512
FormVersion: 43
SkyrimMajorRecordFlags:
- 0x200
Base: 03A1EF:skyrim.esm
Scale: 1.17
Placement:
  Position: 763.2365, 926.90027, 571.12115
  Rotation: 0.08656756, 0.09028469, 2.3371084
