MutagenObjectType: PlacedObject
FormKey: 026226:SexLab-Parasites.esp
FormVersion: 43
Base: 0B8A59:skyrim.esm
Placement:
  Position: 1479.574, 2714.71, 19.752571
  Rotation: -0.10411829, 0.17107074, 0.30347395
