MutagenObjectType: PlacedObject
FormKey: 026219:SexLab-Parasites.esp
FormVersion: 43
Base: 01C4B7:skyrim.esm
Placement:
  Position: 1315.1647, 2186.4182, -73.05585
  Rotation: -0.18693754, 0.07512762, 4.567363
