MutagenObjectType: PlacedObject
FormKey: 0262A3:SexLab-Parasites.esp
MajorRecordFlagsRaw: 512
FormVersion: 43
SkyrimMajorRecordFlags:
- 0x200
Base: 03A1F9:skyrim.esm
Placement:
  Position: 323.61496, 1548.5308, 15.079972
  Rotation: -0.020377437, -0.18927291, 5.986062
