MutagenObjectType: PlacedObject
FormKey: 0262DB:SexLab-Parasites.esp
MajorRecordFlagsRaw: 512
FormVersion: 43
SkyrimMajorRecordFlags:
- 0x200
Base: 03A1EF:skyrim.esm
Scale: 0.98
Placement:
  Position: 1897.9098, 1732.9614, 180.04701
  Rotation: 0.013550775, -0.08043696, 5.032711
