MutagenObjectType: PlacedObject
FormKey: 0262AE:SexLab-Parasites.esp
MajorRecordFlagsRaw: 512
FormVersion: 43
SkyrimMajorRecordFlags:
- 0x200
Base: 03A1FA:skyrim.esm
Placement:
  Position: -290.28607, 1568.6986, 257.11078
  Rotation: -0.026188754, -0.22339754, 3.1777136
