MutagenObjectType: PlacedObject
FormKey: 026232:SexLab-Parasites.esp
FormVersion: 43
Base: 0224EB:skyrim.esm
Placement:
  Position: -82.662895, 1045.2756, 659.7123
  Rotation: 1.5000013, -0, 0
