MutagenObjectType: PlacedObject
FormKey: 026294:SexLab-Parasites.esp
MajorRecordFlagsRaw: 512
FormVersion: 43
SkyrimMajorRecordFlags:
- 0x200
Base: 03A1FA:skyrim.esm
Scale: 1.39
Placement:
  Position: 1191.6176, 2949.2708, 44.10926
  Rotation: 0.6306394, -0.10494149, 4.7552443
