MutagenObjectType: PlacedObject
FormKey: 02627E:SexLab-Parasites.esp
FormVersion: 43
Base: 0224FA:skyrim.esm
Scale: 0.74
Placement:
  Position: 149.0451, 1514.7644, 646.5097
  Rotation: 2.776678, 0.08327463, 1.4080206
