MutagenObjectType: PlacedObject
FormKey: 026297:SexLab-Parasites.esp
MajorRecordFlagsRaw: 512
FormVersion: 43
SkyrimMajorRecordFlags:
- 0x200
Base: 03A1FA:skyrim.esm
Scale: 1.19
Placement:
  Position: 157.35356, 1974.8494, 239.117
  Rotation: -0.02594935, -0.10899573, 1.2025808
