MutagenObjectType: PlacedObject
FormKey: 0262A1:SexLab-Parasites.esp
MajorRecordFlagsRaw: 512
FormVersion: 43
SkyrimMajorRecordFlags:
- 0x200
Base: 03A1FB:skyrim.esm
Placement:
  Position: 103.586914, 1113.1239, 278.58044
  Rotation: 0.039105058, -0.32510906, 4.7500563
