MutagenObjectType: PlacedObject
FormKey: 026249:SexLab-Parasites.esp
FormVersion: 43
Base: 015410:skyrim.esm
Scale: 0.66
Placement:
  Position: 391.51193, 2259.1426, -33.381264
  Rotation: 0.10078167, -0.1243718, 1.7874562
