MutagenObjectType: PlacedObject
FormKey: 026218:SexLab-Parasites.esp
FormVersion: 43
Base: 01C295:skyrim.esm
Placement:
  Position: 1553.6082, 2815.246, 37.988567
  Rotation: -0.10243728, 0.09649231, 6.253343
