MutagenObjectType: PlacedObject
FormKey: 026281:SexLab-Parasites.esp
FormVersion: 43
Base: 022504:skyrim.esm
Placement:
  Position: 844.5509, 2099.3823, 684.8584
  Rotation: -3.1415925, 0.15840055, 3.141593
