MutagenObjectType: PlacedObject
FormKey: 0262C1:SexLab-Parasites.esp
MajorRecordFlagsRaw: 512
FormVersion: 43
SkyrimMajorRecordFlags:
- 0x200
Base: 03A1EF:skyrim.esm
Placement:
  Position: 653.9832, 919.006, 567.9634
  Rotation: 0.26055083, 0.08898288, 3.0448592
