MutagenObjectType: PlacedObject
FormKey: 0262C4:SexLab-Parasites.esp
MajorRecordFlagsRaw: 512
FormVersion: 43
SkyrimMajorRecordFlags:
- 0x200
Base: 03A1F9:skyrim.esm
Scale: 0.78
Placement:
  Position: 482.28943, 743.5678, 520.7887
  Rotation: 2.500501, -0.0994977, 6.273169
