MutagenObjectType: PlacedObject
FormKey: 026282:SexLab-Parasites.esp
FormVersion: 43
Base: 022505:skyrim.esm
Placement:
  Position: 673.7428, 1262.974, 623.75525
  Rotation: 3.1415927, -0.016599407, 4.3915954
