MutagenObjectType: PlacedObject
FormKey: 026234:SexLab-Parasites.esp
FormVersion: 43
Base: 0224E5:skyrim.esm
Placement:
  Position: 0.17105865, 1147.1759, 589.1668
  Rotation: -1.3249979, 0.95000106, 0
