MutagenObjectType: PlacedObject
FormKey: 026220:SexLab-Parasites.esp
FormVersion: 43
Base: 01CD6F:skyrim.esm
Scale: 1.09
Placement:
  Position: 1610.0262, 2037.2355, -139.26373
  Rotation: 0, -0, 0.81239665
