MutagenObjectType: PlacedObject
FormKey: 026335:SexLab-Parasites.esp
FormVersion: 43
Base: 0F13C4:skyrim.esm
Placement:
  Position: 92.49728, 454.63214, 2894.4875
  Rotation: 0, -0, 2.5081973
