MutagenObjectType: PlacedObject
FormKey: 026301:SexLab-Parasites.esp
FormVersion: 43
Base: 01F8B0:skyrim.esm
Radius: 439.06506
Placement:
  Position: 993.9505, 1295.28, 26.322159
