MutagenObjectType: PlacedObject
FormKey: 026333:SexLab-Parasites.esp
FormVersion: 43
Base: 0F13C4:skyrim.esm
Placement:
  Position: 544.08527, -284.9768, 2894.4875
  Rotation: 0, -0, 1.6081984
