MutagenObjectType: PlacedObject
FormKey: 026338:SexLab-Parasites.esp
FormVersion: 43
Base: 0F13C4:skyrim.esm
Placement:
  Position: -430.10168, 925.8821, 2894.4875
  Rotation: 0, -0, 3.7581928
