MutagenObjectType: PlacedObject
FormKey: 026343:SexLab-Parasites.esp
FormVersion: 43
Base: 05689A:skyrim.esm
Placement:
  Position: 653.6848, 2247.126, -878.38965
  Rotation: 0, -0.1999961, 0
