MutagenObjectType: PlacedObject
FormKey: 026340:SexLab-Parasites.esp
FormVersion: 43
Base: 0F13C4:skyrim.esm
Placement:
  Position: 352.38794, 3079.1614, 2894.4875
  Rotation: 0, -0, 5.8581867
