MutagenObjectType: PlacedObject
FormKey: 02632E:SexLab-Parasites.esp
FormVersion: 43
Base: 0F13C4:skyrim.esm
Placement:
  Position: 824.45416, 3237.7007, 2894.4875
  Rotation: 0, -0, 5.9081864
