MutagenObjectType: PlacedObject
FormKey: 026300:SexLab-Parasites.esp
FormVersion: 43
Base: 01F8B0:skyrim.esm
Radius: 439.06506
Placement:
  Position: 880.6739, 368.61993, 26.322159
