MutagenObjectType: PlacedObject
FormKey: 026302:SexLab-Parasites.esp
FormVersion: 43
Base: 02EB11:skyrim.esm
Emittance: 06ED5C:skyrim.esm
Scale: 0.79
Placement:
  Position: 974.61847, -1517.8611, 310.95508
  Rotation: 0, -0, 0.15999998
