MutagenObjectType: PlacedObject
FormKey: 02631C:SexLab-Parasites.esp
FormVersion: 43
Base: 0F13C4:skyrim.esm
Scale: 0.23
Placement:
  Position: 250.02757, 2125.4724, 2894.4875
  Rotation: 0, -0, 4.300004
