MutagenObjectType: PlacedObject
FormKey: 026336:SexLab-Parasites.esp
FormVersion: 43
Base: 0F13C4:skyrim.esm
Placement:
  Position: 424.56436, 303.2093, 2894.4875
  Rotation: 0, -0, 1.5581969
