MutagenObjectType: PlacedObject
FormKey: 026348:SexLab-Parasites.esp
FormVersion: 43
Base: 055F7F:skyrim.esm
Scale: 1.6
Placement:
  Position: 967.2575, 2874.1458, -11.514343
  Rotation: 0, -0, 3.3000002
