MutagenObjectType: PlacedObject
FormKey: 02632F:SexLab-Parasites.esp
FormVersion: 43
Base: 0F13C4:skyrim.esm
Placement:
  Position: 536.3898, -440.33038, 2894.4875
  Rotation: 0, -0, 1.6081984
