MutagenObjectType: PlacedObject
FormKey: 026316:SexLab-Parasites.esp
FormVersion: 43
Base: 0B73B8:skyrim.esm
Placement:
  Position: 1078.1078, 717.22565, 77.111885
  Rotation: -0.33888617, 0.47575837, 6.123124
