MutagenObjectType: PlacedObject
FormKey: 026310:SexLab-Parasites.esp
FormVersion: 43
Base: 0BB950:skyrim.esm
Placement:
  Position: 1039.8691, 1091.937, 206.88112
  Rotation: 0.06790803, -0.14293516, 3.3008683
