MutagenObjectType: PlacedObject
FormKey: 026315:SexLab-Parasites.esp
FormVersion: 43
Base: 0B8A68:skyrim.esm
Placement:
  Position: 469.94696, 1013.48303, 57.021473
  Rotation: -0.42794788, -0.1138281, 5.3349514
