MutagenObjectType: PlacedObject
FormKey: 026334:SexLab-Parasites.esp
FormVersion: 43
Base: 0F13C4:skyrim.esm
Placement:
  Position: 470.7896, 65.61686, 2894.4875
  Rotation: 0, -0, 1.0831978
