MutagenObjectType: PlacedObject
FormKey: 02633B:SexLab-Parasites.esp
FormVersion: 43
Base: 0F13C4:skyrim.esm
Placement:
  Position: -391.53516, 2085.981, 2894.4875
  Rotation: 0, -0, 5.5331893
