MutagenObjectType: PlacedObject
FormKey: 026337:SexLab-Parasites.esp
FormVersion: 43
Base: 0F13C4:skyrim.esm
Placement:
  Position: -75.64403, 792.8934, 2894.4875
  Rotation: 0, -0, 2.9831944
