MutagenObjectType: PlacedObject
FormKey: 02634B:SexLab-Parasites.esp
FormVersion: 43
Base: 044B86:skyrim.esm
Placement:
  Position: -88.80028, 1044.2786, 68.37608
  Rotation: 0, -0, 1.2000059
