MutagenObjectType: PlacedObject
FormKey: 026313:SexLab-Parasites.esp
FormVersion: 43
Base: 0BB950:skyrim.esm
Scale: 1.33
Placement:
  Position: 239.37262, 1663.9896, 432.33572
  Rotation: 0, -0, 4.608196
