MutagenObjectType: PlacedObject
FormKey: 026309:SexLab-Parasites.esp
FormVersion: 43
Base: 0B73B8:skyrim.esm
Placement:
  Position: -168.37303, 1876.1995, 264.89233
  Rotation: -1.1665299, -0.1964715, 0.96307373
