MutagenObjectType: PlacedObject
FormKey: 026304:SexLab-Parasites.esp
FormVersion: 43
Base: 08824B:skyrim.esm
Radius: 1690.8397
Emittance: 075492:skyrim.esm
Placement:
  Position: -108.08978, 1233.9004, 321.82745
