MutagenObjectType: PlacedObject
FormKey: 026319:SexLab-Parasites.esp
FormVersion: 43
Base: 0F13C4:skyrim.esm
Scale: 0.23
Placement:
  Position: 248.74318, 2062.2607, 2894.4875
  Rotation: 0, -0, 5.5750046
