MutagenObjectType: PlacedObject
FormKey: 026318:SexLab-Parasites.esp
FormVersion: 43
Base: 0B73B8:skyrim.esm
Placement:
  Position: 351.54498, 2743.1692, 160.71098
  Rotation: 0.066610724, -0.7247171, 0.04714093
