MutagenObjectType: PlacedObject
FormKey: 026317:SexLab-Parasites.esp
FormVersion: 43
Base: 0B73B8:skyrim.esm
Placement:
  Position: 1077.2942, 910.6781, 126.62547
  Rotation: 0, 0.7500018, 0
