MutagenObjectType: PlacedObject
FormKey: 030561:SexLab-Parasites.esp
FormVersion: 43
Base: 07EE00:skyrim.esm
Placement:
  Position: 184.0427, 1639.5321, 111.15756
  Rotation: 0, -0, 3.5831907
