MutagenObjectType: PlacedObject
FormKey: 030568:SexLab-Parasites.esp
FormVersion: 43
Base: 07EE00:skyrim.esm
Placement:
  Position: 1121.4264, 1738.9413, 33.07254
  Rotation: 0, -0, 3.0832033
