MutagenObjectType: PlacedObject
FormKey: 0680F4:SexLab-Parasites.esp
FormVersion: 43
Base: 07EE00:skyrim.esm
Placement:
  Position: 240.72917, 2033.2716, 89.00278
  Rotation: 0, -0, 4.783199
