MutagenObjectType: PlacedObject
FormKey: 0680F6:SexLab-Parasites.esp
FormVersion: 43
Base: 07EE00:skyrim.esm
Placement:
  Position: 490.5898, 2200.779, 151.48112
  Rotation: 0, -0, 6.2663894
