MutagenObjectType: PlacedObject
FormKey: 06D204:SexLab-Parasites.esp
FormVersion: 43
Base: 074B6E:skyrim.esm
Placement:
  Position: 566.3577, 1755.0165, -28.026445
  Rotation: 0, -0, 0.10001116
