MutagenObjectType: PlacedObject
FormKey: 06D206:SexLab-Parasites.esp
FormVersion: 43
Base: 101588:skyrim.esm
Placement:
  Position: 656.8234, 1451.565, -38.97806
  Rotation: 0, -0, 3.9831913
