MutagenObjectType: PlacedObject
FormKey: 09AB2E:SexLab-Parasites.esp
FormVersion: 43
Base: 10E886:skyrim.esm
Placement:
  Position: 500.10443, 1649.0073, -15.972183
  Rotation: 1.5999999, 0.20000218, 1.6000031
