MutagenObjectType: PlacedObject
FormKey: 026353:SexLab-Parasites.esp
FormVersion: 43
Base: 0A92A1:skyrim.esm
Scale: 0.4
Placement:
  Position: -31859.348, 89103.97, -13911.305
  Rotation: -0.33023185, -0.5105466, 4.453327
