MutagenObjectType: PlacedObject
FormKey: 1797E5:SexLab-Parasites.esp
FormVersion: 43
Base: 0CF73B:skyrim.esm
Placement:
  Position: -31806.719, 89414.43, -13773.66
  Rotation: 0.25188413, -0.12109421, 4.5771117
