MutagenObjectType: PlacedObject
FormKey: 62EE7D:SexLab-Parasites.esp
FormVersion: 43
Base: 018199:skyrim.esm
Placement:
  Position: -31753.598, 88200.414, -13818.611
  Rotation: -0.22276042, -0.15470865, 0.4802371
