MutagenObjectType: PlacedObject
FormKey: 1B6438:SexLab-Parasites.esp
MajorRecordFlagsRaw: 1024
FormVersion: 43
SkyrimMajorRecordFlags:
- 0x400
Base: 064806:skyrim.esm
Placement:
  Position: 331.76962, -4270.9688, -72.478455
  Rotation: -2.3724477, 0.10448215, 2.3324106
