MutagenObjectType: PlacedObject
FormKey: 485950:SexLab-Parasites.esp
FormVersion: 43
Base: 1016A1:skyrim.esm
Placement:
  Position: -3446.42, -7220.761, 163.86385
  Rotation: 0, -0, 0.3000098
