MutagenObjectType: PlacedObject
FormKey: 48594A:SexLab-Parasites.esp
FormVersion: 43
Base: 1016A1:skyrim.esm
Placement:
  Position: -1010.6766, -7524.8564, 152.5602
  Rotation: 0.39999998, -0, 2.9832015
