MutagenObjectType: PlacedObject
FormKey: 0A41BE:skyrim.esm
FormVersion: 43
Version2: 2
Base: 1016A2:skyrim.esm
Scale: 1.31
LocationReference: 019186:skyrim.esm
Placement:
  Position: -4181.2026, 2708.0032, -1702.0325
  Rotation: 0.18838595, -0.32208806, 6.213864
