MutagenObjectType: PlacedObject
FormKey: 0A41BF:skyrim.esm
FormVersion: 43
Version2: 1
Base: 1016A1:skyrim.esm
Scale: 1.3
LocationReference: 019186:skyrim.esm
Placement:
  Position: -4203.051, 2774.3376, -1709.493
  Rotation: -0.15334564, -0.17267142, 0.026549272
