MutagenObjectType: PlacedObject
FormKey: 0A41BA:skyrim.esm
FormVersion: 43
Version2: 2
Base: 1016A1:skyrim.esm
Scale: 1.26
LocationReference: 019186:skyrim.esm
Placement:
  Position: -4219.865, 2036.2219, -1692.1891
  Rotation: -0.09245451, -0.47771513, 0.035808466
