MutagenObjectType: PlacedObject
FormKey: 0A41BB:skyrim.esm
FormVersion: 43
Version2: 2
Base: 1016A2:skyrim.esm
Scale: 1.23
LocationReference: 019186:skyrim.esm
Placement:
  Position: -4181.915, 1960.3228, -1668.1019
  Rotation: 0.014536436, -0.0020222198, 4.712389
