MutagenObjectType: PlacedObject
FormKey: 1E8E9F:SexLab-Parasites.esp
FormVersion: 43
Base: 0F13C4:skyrim.esm
Scale: 1.4
Placement:
  Position: -4421.1694, 2432.9705, -1726.5989
  Rotation: 3.1415927, -1.5415963, 3.1415927
