MutagenObjectType: PlacedObject
FormKey: 485951:SexLab-Parasites.esp
FormVersion: 43
Base: 0B6FB9:skyrim.esm
Placement:
  Position: -4279.18, 2529.1274, -1712.4786
  Rotation: -0.14860238, -0.69248664, 4.0187764
