MutagenObjectType: PlacedObject
FormKey: 485957:SexLab-Parasites.esp
FormVersion: 43
Base: 46C420:SexLab-Parasites.esp
Scale: 1.3
Placement:
  Position: -3826.4216, 2371.8125, -1680.0348
  Rotation: -0.19752759, -0.52528995, 5.9185896
