MutagenObjectType: PlacedObject
FormKey: 684FE2:SexLab-Parasites.esp
MajorRecordFlagsRaw: 1024
FormVersion: 43
SkyrimMajorRecordFlags:
- 0x400
Base: 0B9E1F:skyrim.esm
Placement:
  Position: 2909.5498, 4655.4233, 7108.9624
  Rotation: 0.67942196, 0.0091566155, 0.18755776
