MutagenObjectType: PlacedObject
FormKey: 684FDF:SexLab-Parasites.esp
MajorRecordFlagsRaw: 1024
FormVersion: 43
SkyrimMajorRecordFlags:
- 0x400
Base: 0B9E1F:skyrim.esm
Placement:
  Position: 3312.6448, 6044.5654, 7066.726
  Rotation: 1.8089036, 0.8399084, 0.9631908
