MutagenObjectType: PlacedObject
FormKey: 684FE3:SexLab-Parasites.esp
MajorRecordFlagsRaw: 1024
FormVersion: 43
SkyrimMajorRecordFlags:
- 0x400
Base: 0B9E1F:skyrim.esm
Placement:
  Position: 3287.971, 4333.795, 7108.9624
  Rotation: 1.6701491, -0.1525375, 0.10994108
