MutagenObjectType: PlacedObject
FormKey: 684FE4:SexLab-Parasites.esp
MajorRecordFlagsRaw: 1024
FormVersion: 43
SkyrimMajorRecordFlags:
- 0x400
Base: 0B9E1F:skyrim.esm
Placement:
  Position: 3117.0232, 4268.9614, 7108.9624
  Rotation: 0.875948, -0.028072327, 0.18569274
