MutagenObjectType: PlacedObject
FormKey: 7F699D:SexLab-Parasites.esp
MajorRecordFlagsRaw: 1024
FormVersion: 43
SkyrimMajorRecordFlags:
- 0x400
Base: 0B9E1F:skyrim.esm
Placement:
  Position: -43581.99, 97905.46, -13397.809
  Rotation: -0.49483007, 0.8910105, 3.606397
