MutagenObjectType: PlacedObject
FormKey: 7F699E:SexLab-Parasites.esp
MajorRecordFlagsRaw: 1024
FormVersion: 43
SkyrimMajorRecordFlags:
- 0x400
Base: 0B9E1F:skyrim.esm
Placement:
  Position: -43480.25, 97954.44, -13397.809
  Rotation: -0.49483007, 0.8910105, 3.606397
