MutagenObjectType: PlacedObject
FormKey: 10E145:skyrim.esm
MajorRecordFlagsRaw: 536870912
FormVersion: 43
SkyrimMajorRecordFlags:
- 0x20000000
Base: 08E5DF:skyrim.esm
LocationReference: 019194:skyrim.esm
Placement:
  Position: 4953.5293, -6667.7046, -351.71463
  Rotation: 0, -0, 1.7750009
