MutagenObjectType: PlacedObject
FormKey: 1B6433:SexLab-Parasites.esp
FormVersion: 43
Base: 104B3F:skyrim.esm
Placement:
  Position: 265.72787, -4041.7449, -101.10238
  Rotation: 0, -0, 5.98319
