MutagenObjectType: PlacedObject
FormKey: 1D9B54:SexLab-Parasites.esp
FormVersion: 43
Base: 0516C8:skyrim.esm
Placement:
  Position: -559.00214, -2210.9429, 115.87628
  Rotation: 0, -0, 3.983195
