MutagenObjectType: PlacedObject
FormKey: 1D9B52:SexLab-Parasites.esp
FormVersion: 43
Base: 0516C8:skyrim.esm
Placement:
  Position: -548.68616, -2207.3967, 105.914444
  Rotation: 0, -0, 4.9831886
