MutagenObjectType: PlacedObject
FormKey: 1D9B56:SexLab-Parasites.esp
FormVersion: 43
Base: 0516C8:skyrim.esm
Placement:
  Position: -535.4095, -2209.7761, 115.87628
  Rotation: 0, -0, 1.2000097
