MutagenObjectType: PlacedObject
FormKey: 1D9B53:SexLab-Parasites.esp
FormVersion: 43
Base: 0516C8:skyrim.esm
Placement:
  Position: -560.751, -2210.1204, 105.93967
  Rotation: 0, -0, 0.30000347
