MutagenObjectType: PlacedObject
FormKey: 1D9B4C:SexLab-Parasites.esp
FormVersion: 43
Base: 09151B:skyrim.esm
Placement:
  Position: -508.1414, -2201.219, 198.31082
  Rotation: 1.5807962, -1.3302966, 5.783187
