MutagenObjectType: PlacedObject
FormKey: 03D285:skyrim.esm
FormVersion: 43
Version2: 6
Base: 02064F:skyrim.esm
LocationRefTypes:
- 0130F8:skyrim.esm
LocationReference: 01929C:skyrim.esm
Placement:
  Position: -761.16693, 3625.7222, 3173.309
  Rotation: 0.006297536, -0.2513403, 2.2344522
