MutagenObjectType: PlacedObject
FormKey: 0F398A:skyrim.esm
FormVersion: 43
Version2: 2
Base: 03AC21:skyrim.esm
Lock:
  Level: Adept
  Unused: 0x000000
  Unused2: 0x0000000000000000000000
LocationReference: 01929C:skyrim.esm
Placement:
  Position: -949.0283, 3355.482, 3173.7751
  Rotation: -0.07092067, -0.029528495, 0.1216718
