MutagenObjectType: PlacedObject
FormKey: 1E8E95:SexLab-Parasites.esp
FormVersion: 43
Base: 1016A1:skyrim.esm
Placement:
  Position: 4392.264, -5515.647, 184.77246
  Rotation: 0, -0, 3.7831936
