MutagenObjectType: PlacedObject
FormKey: 28AF32:SexLab-Parasites.esp
MajorRecordFlagsRaw: 512
FormVersion: 43
SkyrimMajorRecordFlags:
- 0x200
Base: 03A1FC:skyrim.esm
Scale: 1.55
Placement:
  Position: 4271.211, -5938.1934, 595.4742
  Rotation: 0.105737396, -0.1389353, 0.36199945
