MutagenObjectType: PlacedObject
FormKey: 28AF33:SexLab-Parasites.esp
FormVersion: 43
Base: 0CE896:skyrim.esm
Scale: 0.68
Placement:
  Position: 4173.4766, -6093.1836, 923.6576
  Rotation: 2.8557103, -0.108640015, 2.2796662
