MutagenObjectType: PlacedObject
FormKey: 28AF21:SexLab-Parasites.esp
FormVersion: 43
Base: 008940:Dawnguard.esm
Placement:
  Position: 4179.088, -5484.8584, 157.12378
  Rotation: 0, -0, 4.8831944
