MutagenObjectType: PlacedObject
FormKey: 00B143:SexLab-Parasites.esp
FormVersion: 43
Base: 1016A1:skyrim.esm
Placement:
  Position: 4091.8782, -5665.4023, 192.52393
  Rotation: 0, -0, 2.9831936
