MutagenObjectType: PlacedObject
FormKey: 28AF31:SexLab-Parasites.esp
MajorRecordFlagsRaw: 512
FormVersion: 43
SkyrimMajorRecordFlags:
- 0x200
Base: 03A1FC:skyrim.esm
Scale: 1.55
Placement:
  Position: 4091.4697, -5917.1665, 560.75543
  Rotation: 0.105737396, -0.1389353, 5.645176
