MutagenObjectType: PlacedObject
FormKey: 485943:SexLab-Parasites.esp
FormVersion: 43
Base: 0B6FB9:skyrim.esm
Placement:
  Position: 359.17136, -7162.686, 154.15353
  Rotation: -0.14860238, -0.69248664, 4.0187764
