MutagenObjectType: PlacedObject
FormKey: 485947:SexLab-Parasites.esp
FormVersion: 43
Base: 1016A1:skyrim.esm
Placement:
  Position: 363.07104, -7216.332, 166.34523
  Rotation: 0, -0, 5.083194
