MutagenObjectType: PlacedObject
FormKey: 485942:SexLab-Parasites.esp
FormVersion: 43
Base: 0B6FB9:skyrim.esm
Placement:
  Position: 3182.0496, -5599.509, 120.6207
  Rotation: 0.37510854, -0.02326194, 6.2740273
