MutagenObjectType: PlacedObject
FormKey: 485945:SexLab-Parasites.esp
FormVersion: 43
Base: 1016A1:skyrim.esm
Placement:
  Position: 1320.774, -5081.1104, 164.20348
  Rotation: 0, -0, 2.9831936
