MutagenObjectType: PlacedObject
FormKey: 485946:SexLab-Parasites.esp
FormVersion: 43
Base: 1016A1:skyrim.esm
Placement:
  Position: 324.57397, -7211.8325, 155
  Rotation: 0, -0, 2.9831936
