MutagenObjectType: PlacedObject
FormKey: 485944:SexLab-Parasites.esp
FormVersion: 43
Base: 1016A1:skyrim.esm
Placement:
  Position: 3171.0845, -5617.512, 119.35787
  Rotation: 0, -0, 2.9831936
