MutagenObjectType: PlacedObject
FormKey: 46C423:SexLab-Parasites.esp
MajorRecordFlagsRaw: 1024
FormVersion: 43
SkyrimMajorRecordFlags:
- 0x400
Base: 0B9E1F:skyrim.esm
Placement:
  Position: 955.7409, 1624.8655, -404.96198
  Rotation: 2.2935429, -0.47407046, 5.1004286
